[0,-4,4] [2:2]
[0,-1,1] [1:1]
[0,-12,20] [2:6]
[0,1,6] [1:2]
[0,1,1] [1:1]
[0,-12,65] [2:9]
[0,-327,2270] [19:54]
[0,-2,0] [1:1]
[0,8,0] [1:3]
[0,-11,6] [1:2]
[0,-91,330] [3:24]
[0,-1451,21274] [3:160]
[0,-11,890] [1:30]
[0,-412,3316] [18:70]
[0,3,0] [1:2]
[0,-12,0] [2:4]
[0,-21,20] [3:4]
[0,-291,1910] [26:90]
[0,-156,736] [10:36]
[0,69,146] [5:18]
[0,-7,2] [1:2]
[0,-8,8] [2:4]
[0,-28,48] [3:3]
[0,-428,3408] [24:12]
[0,52,272] [6:16]
[0,-9,9] [3:3]
[0,-189,999] [8:1]
[0,-11,10] [2:2]
[0,29,66] [6:18]
[0,-28,57] [2:3]
[0,-23,78] [1:10]
[0,4,4] [0:2]
[0,8,112] [12:44]
[0,-18,27] [2:1]
[0,-63,162] [3:18]
[0,-963,11502] [19:8]
[0,117,918] [3:36]
[0,-584,5444] [8:98]
[0,5,6] [3:6]
[0,-35,62] [3:4]
[0,-55,157] [4:1]
[0,-8,3] [1:2]
[0,-103,402] [14:30]
[0,49,686] [9:22]
[0,-931,10290] [107:1056]
[0,-2891,47334] [14:98]
[0,-7,7] [1:1]
[0,24,25] [2:9]
[0,-111,214] [35:198]
[0,-50,125] [15:50]
[0,-175,750] [1:24]
[0,-2675,53250] [15:300]
[0,325,4250] [5:50]
[0,5,10] [1:4]
[0,-8,4] [0:2]
[0,0,4] [2:2]
[0,0,108] [6:18]
[0,-3,34] [5:12]
[0,21,26] [5:16]
[0,-219,1654] [29:128]
[0,-459,3834] [3:72]
[0,-38,87] [4:1]
[0,17,318] [7:12]
[0,2,3] [2:3]
[0,-23,38] [3:2]
[0,4,16] [0:4]
[0,-76,240] [3:21]
[0,-236,1104] [10:16]
[0,-1196,15920] [29:75]
[0,4,16] [4:8]
[0,-76,240] [12:24]
[0,-1196,15920] [124:1320]
[0,-236,1104] [16:28]
[0,-36,81] [0:9]
[0,9,270] [3:18]
[0,2,1] [0:1]
[0,1,1] [0:1]
[0,-17,27] [2:1]
[0,-11,70] [7:14]
[0,-331,2310] [39:210]
[0,-491,154] [3:40]
[0,-6,9] [0:3]
[0,-111,450] [3:12]
[0,-6,5] [2:3]
[0,9,26] [1:6]
[0,-66,205] [7:18]
[0,-111,110] [7:18]
[0,-1371,19514] [21:4]
[0,429,866] [11:72]
[0,-23,42] [1:8]
[0,-43,42] [2:6]
[0,157,322] [38:246]
[0,3,1] [0:1]
[0,-57,169] [7:15]
[0,-648,6372] [24:90]
[0,1512,33588] [11:125]
[0,27,27] [1:1]
[0,-513,4563] [28:55]
[0,-5,4] [0:2]
[0,5,18] [2:6]
[0,-8,9] [2:1]
[0,37,138] [1:10]
[0,-283,1482] [3:48]
[0,-1403,18902] [17:6]
[0,-4283,107882] [11:392]
[0,32,212] [6:14]
[0,0,8] [1:3]
[0,-60,176] [2:8]
[0,0,216] [10:28]
[0,-540,4752] [14:8]
[0,9,0] [4:10]
[0,-36,0] [3:9]
[0,-396,3024] [11:1]
[0,-396,3024] [6:72]
[0,24,56] [1:9]
[0,-156,560] [8:36]
[0,-876,9520] [16:20]
[0,-2316,42896] [10:144]
[0,-13836,626416] [157:1035]
[0,564,37744] [34:144]
[0,-8,7] [2:1]
[0,17,42] [3:6]
[0,-32,31] [2:5]
[0,113,234] [7:30]
[0,-8,16] [4:4]
[0,-8,16] [0:4]
[0,-56,4848] [128:1444]
[0,5,2] [1:2]
[0,-24,284] [8:6]
[0,-4104,101196] [93:567]
[0,-48,196] [4:18]
[0,85,86] [7:32]
[0,-355,702] [18:12]
[0,-26,51] [6:3]
[0,-31,30] [3:6]
[0,-251,1510] [18:14]
[0,109,226] [11:48]
[0,-1052,13129] [12:155]
[0,-1207,9006] [13:150]
[0,8,4] [0:2]
[0,-8,32] [9:25]
[0,-13,18] [2:6]
[0,-8,32] [1:5]
[0,-2,4] [0:2]
[0,-52,144] [0:12]
[0,-3,14] [1:4]
[0,-3,1] [1:1]
[0,-27,27] [3:9]
[0,-11,10] [3:4]
[0,29,66] [1:6]
[0,-7,10] [5:10]
[0,-143,658] [11:30]
[0,-163,462] [2:12]
[0,-1163,14938] [46:170]
[0,517,3318] [138:1644]
[0,-192,1028] [4:18]
[0,24,511] [10:27]
[0,-831,8890] [17:18]
[0,4,4] [1:1]
[0,-5,5] [1:1]
[0,800,26500] [180:2450]
[0,-2000,34375] [26:7]
[0,-1375,56250] [99:882]
[0,-125,625] [0:25]
[0,-40,100] [0:10]
[0,2,14] [5:11]
[0,-3,18] [1:4]
[0,-123,522] [1:20]
[0,33,34] [5:16]
[0,-147,286] [7:20]
[0,-1947,33046] [25:2]
[0,-1227,16346] [23:180]
[0,93,94] [7:30]
[0,-387,766] [7:40]
[0,-1107,16146] [15:54]
[0,-18387,959634] [73:80]
[0,-3,322] [1:18]
[0,-723,7378] [1:90]
[0,-1443,9758] [31:72]
[0,-11523,476098] [63:14]
[0,-19443,1042958] [81:22]
[0,5037,73262] [23:234]
[0,-311043,66769598] [767:12078]
[0,-15843,1441118] [279:3982]
[0,-68,236] [12:26]
[0,5,42] [1:6]
[0,-155,714] [5:8]
[0,-24,44] [3:1]
[0,-264,1636] [16:42]
[0,-48,124] [4:2]
[0,-2,21] [6:15]
[0,-127,546] [3:30]
[0,-227,434] [5:24]
[0,-2027,35126] [35:84]
[0,-31,66] [1:6]
[0,-11,150] [3:12]
[0,-343,2401] [0:49]
[0,-35,98] [1:8]
[0,-595,5586] [7:42]
[0,-1715,33614] [57:232]
[0,-29155,1915998] [743:19662]
[0,-135,486] [5:8]
[0,-675,6318] [9:108]
[0,-15,18] [3:6]
[0,-75,234] [5:4]
[0,-111,434] [11:18]
[0,-291,1330] [13:16]
[0,-4251,106666] [286:4698]
[0,789,8890] [14:70]
[0,-25,0] [4:6]
[0,-275,1750] [15:50]
[0,100,0] [5:25]
[0,-5,0] [1:2]
[0,20,0] [4:12]
[0,-216,1215] [8:1]
[0,-351,486] [9:54]
[0,-9,27] [4:1]
[0,-16,24] [1:3]
[0,4,80] [2:8]
[0,-172,1328] [42:256]
[0,-13612,670672] [42:416]
[0,-3,6] [1:2]
[0,-24,48] [4:4]
[0,24,16] [4:12]
[0,-27,162] [9:18]
[0,24,16] [0:4]
[0,-216,1296] [0:36]
[0,2,3] [3:6]
[0,-23,38] [1:4]
[0,-5042,137801] [103:660]
[0,-5047,137514] [137:1320]
[0,-7547,12986] [13:330]
[0,-2627,269646] [83:290]
[0,-67,226] [3:20]
[0,-10,12] [6:12]
[0,-20,16] [3:7]
[0,-5,2] [2:2]
[0,-40,96] [28:144]
[0,-10,12] [3:3]
[0,-20,16] [2:4]
[0,0,100] [4:6]
[0,0,2700] [21:81]
[0,-120,740] [16:54]
[0,-10920,439220] [61:9]
[0,-300,1375] [10:25]
[0,825,9250] [35:250]
[0,-9300,345125] [35:250]
[0,-8175,431750] [70:450]
[0,-35,78] [2:4]
[0,5,246] [10:36]
[0,-4,1] [1:2]
[0,1468,2844] [302:5290]
[0,-187,991] [7:5]
[0,9,10] [2:6]
[0,-51,94] [1:12]
[0,-66,119] [4:9]
[0,-471,3850] [2:54]
[0,-7491,249550] [97:252]
[0,69,12166] [9:104]
[0,-30,133] [2:9]
[0,-615,5866] [5:54]
[0,-30,29] [2:9]
[0,105,218] [1:18]
[0,-19,34] [11:34]
[0,-11,22] [3:4]
[0,-484,5324] [44:242]
[0,0,9] [2:1]
[0,0,243] [7:10]
[0,0,36] [3:3]
[0,0,972] [13:35]
[0,1,6] [2:2]
[0,-362249,165197113] [18309:2476099]
[0,16,36] [8:26]
[0,-54,135] [7:10]
[0,81,702] [1:28]
[0,-6,5] [3:2]
[0,9,26] [5:12]
[0,-66,205] [11:20]
[0,-111,110] [2:18]
[0,-1371,19514] [5:162]
[0,429,866] [1:36]
[0,9,54] [1:8]
[0,-171,810] [3:36]
[0,-531,3726] [11:28]
[0,-2691,53730] [31:10]
[0,-75,506] [5:16]
[0,-1515,22682] [13:72]
[0,645,10582] [31:198]
[0,-5115,115414] [35:144]
[0,-24555,1485286] [3223:182754]
[0,-393195,94898662] [821:11648]
[0,60,61] [13:54]
[0,-255,502] [14:18]
[0,-1020,12913] [49:234]
[0,-5,3] [1:1]
[0,-41,101] [4:1]
[0,-23,42] [6:6]
[0,-43,42] [3:12]
[0,-563,5138] [11:100]
[0,157,322] [7:42]
[0,-345,5157] [12:87]
[0,3,5] [1:3]
[0,15,43] [4:9]
[0,-21,61] [5:9]
[0,-3,7] [1:3]
[0,108,324] [18:90]
[0,-1647,26811] [27:45]
[0,33,151] [17:75]
[0,12,12] [4:10]
[0,-3,3] [1:1]
[0,-20,32] [3:1]
[0,20,144] [5:9]
[0,-20,32] [2:8]
[0,20,144] [0:12]
[0,-44,48] [4:8]
[0,-364,2640] [28:120]
[0,-5804,170192] [26:192]
[0,-44,7120] [3:85]
[0,13,18] [2:4]
[0,-500,3125] [19:22]
[0,-7375,243750] [550:12750]
[0,-20,25] [0:5]
[0,-295,1950] [11:6]
[0,13,2] [3:8]
[0,-153,729] [9:9]
[0,-21,263] [8:9]
[0,-817,8976] [7:60]
[0,-1067,3026] [2:30]
[0,-13067,574926] [103:910]
[0,-572,14464] [12:140]
[0,8,16] [0:4]
[0,4,1] [0:1]
[0,-9,10] [10:30]
[0,-24,32] [4:8]
[0,-6,4] [1:1]
[0,-36,80] [2:12]
[0,-81,270] [102:1026]
[0,-216,864] [15:27]
[0,-6,4] [1:3]
[0,-36,80] [3:1]
[0,-30,52] [1:9]
[0,60,304] [5:27]
[0,-30,52] [4:2]
[0,60,304] [10:36]
[0,15,38] [14:54]
[0,-120,416] [7:9]
[0,6,20] [3:5]
[0,-84,272] [6:4]
[0,-57,430] [2:18]
[0,-1272,17440] [17:27]
[0,-242,1449] [16:35]
[0,-247,1386] [2:30]
[0,-827,7546] [17:40]
[0,253,6286] [22:150]
[0,-19,18] [1:6]
[0,61,130] [7:30]
[0,-49,132] [21:90]
[0,-44,160] [10:20]
[0,-232,1360] [8:4]
[0,-15,26] [6:10]
[0,105,142] [1:6]
[0,24,124] [16:66]
[0,-135,702] [6:36]
[0,945,3834] [34:260]
[0,-556,1641] [20:69]
[0,2089,12750] [3:138]
[0,-2,2] [1:1]
[0,-14,606] [7:19]
[0,20,16] [2:8]
[0,12,4] [2:6]
[0,-75,182] [2:18]
[0,-435,3346] [10:2]
[0,4596,46676] [10:306]
[0,108,108] [12:54]
[0,-156,1532] [32:162]
[0,85,86] [3:14]
[0,-355,702] [9:42]
[0,-323,2478] [11:16]
[0,-5323,149478] [82:186]
[0,-35,82] [7:4]
[0,-348,2497] [16:63]
[0,-423,1342] [3:10]
[0,-18063,934362] [24270:212058]
[0,-12,9] [2:5]
[0,-87,306] [5:2]
[0,-48,47] [4:9]
[0,177,362] [11:54]
[0,-552,4979] [47:270]
[0,-327,9074] [110:1134]
[0,-2712,50209] [52:225]
[0,2913,231334] [37:270]
[0,-59,198] [1:16]
[0,-979,11790] [22:30]
[0,53,5] [29:161]
[0,-27,378] [3:18]
[0,-3,14] [3:2]
[0,-3,1] [0:1]
[0,45,18] [1:8]
[0,-675,7074] [33:144]
[0,-17235,870894] [217:2368]
[0,-13635,1244862] [1761:73728]
[0,-9,9] [2:1]
[0,-189,999] [6:9]
[0,-100,375] [6:3]
[0,25,1250] [15:50]
[0,-324,2457] [6:27]
[0,-5319,149310] [15:270]
[0,-36,91] [19:78]
[0,-120,497] [2:27]
[0,-255,826] [5:18]
[0,-84,83] [11:18]
[0,321,650] [150:1850]
[0,-23,78] [26:130]
[0,-163,802] [9:8]
[0,-797,8777] [8:121]
[0,-162,945] [4:19]
[0,-2727,54810] [3:216]
[0,492,3004] [46:342]
[0,-15,14] [3:2]
[0,45,98] [3:8]
[0,-12,92] [8:18]
[0,-1551,23506] [25:216]
[0,-1731,17710] [3:112]
[0,5109,123046] [174:2506]
[0,25,75] [1:7]
[0,3,3] [1:1]
[0,27,81] [0:9]
[0,-14,20] [7:15]
[0,-4,48] [6:12]
[0,27,108] [4:8]
[0,-243,1242] [11:10]
[0,-57,164] [5:18]
[0,-12,416] [2:20]
[0,-2037,34684] [28:20]
[0,-32412,2245984] [472:9360]
[0,-4467,63974] [67:250]
[0,213,107134] [62:380]
[0,3,4] [0:2]
[0,-27,46] [3:10]
[0,-93,308] [1:20]
[0,-363,2338] [11:18]
[0,-1443,21098] [26:34]
[0,132,1568] [2:36]
[0,-68,236] [1:13]
[0,13861,426358] [31:182]
[0,-68059,3752310] [65:630]
[0,-946139,354106230] [70845:34146]
[0,-500699,133740682] [771:7840]
[0,16,16] [1:1]
[0,53,250] [13:56]
[0,-120,556] [13:9]
[0,-28,52] [4:10]
[0,-20,33] [4:7]
[0,-55,114] [5:6]
[0,-198155,33951242] [23024817:970928816]
[0,-20,36] [2:2]
[0,93,978] [7:4]
[0,-12,12] [2:2]
[0,-1188,7236] [30:126]
[0,-243,1566] [15:36]
[0,-132,268] [4:14]
[0,-108,324] [0:18]
[0,-2,21] [23:110]
[0,-227,434] [11:40]
[0,-67,926] [53:380]
[0,8,9] [0:3]
[0,-47,86] [5:14]
[0,-39,254] [7:18]
[0,-32,68] [4:2]
[0,-49,0] [25:120]
[0,-539,4802] [49:294]
[0,-539,4802] [14:98]
[0,196,0] [2:20]
[0,-68,133] [9:4]
[0,-463,3738] [1986:88500]
[0,-15,18] [2:2]
[0,-75,234] [5:22]
[0,-75,74] [5:18]
[0,285,578] [7:54]
[0,-111,434] [6:4]
[0,-291,1330] [13:54]
[0,-4251,106666] [41:36]
[0,789,8890] [1:90]
[0,-1035,12358] [17:18]
[0,-16395,808006] [223:2574]
[0,-12555,537786] [15:594]
[0,-21195,296838] [17:242]
[0,-27,10] [3:8]
[0,-267,1670] [9:2]
[0,-795,8138] [7:54]
[0,645,34346] [7:198]
[0,-11595,478726] [65:18]
[0,-5835,954502] [127:594]
[0,-696,8215] [17:36]
[0,-11631,482794] [50:162]
[0,-291,34] [15:32]
[0,-3171,68510] [33:14]
[0,-50691,4392830] [311:3150]
[0,-1731,131006] [89:648]
[0,24,52] [2:2]
[0,-696,7108] [38:146]
[0,-200,1000] [15:25]
[0,-700,6000] [19:21]
[0,1300,34000] [110:1200]
[0,20,80] [6:16]
[0,5,0] [20:90]
[0,-20,0] [4:4]
[0,-500,0] [4:44]
[0,500,10000] [50:400]
[0,-11,26] [1:4]
[0,-8,4] [2:2]
[0,61,11202] [161:2048]
[0,33,26] [15:62]
[0,-912,4316] [27:25]
[0,-72,36] [8:10]
[0,-3672,85644] [35:1]
[0,-63,198] [9:6]
[0,297,702] [2:10]
[0,-16,21] [1:6]
[0,-31307,1717706] [663:16400]
[0,-156307,22257294] [438:6150]
[0,-39,902] [14:36]
[0,-1659,25850] [122:1260]
[0,-26499,1660322] [23530:18396]
[0,-2739,11950] [42:230]
[0,-26175,1644478] [193:702]
[0,-419835,104704666] [13315:1534572]
[0,-495,4239] [13:1]
[0,45,162] [6:18]
[0,-315,1674] [30:126]
[0,33,290] [1:18]
[0,-507,4070] [13:92]
[0,8,1] [2:5]
[0,-4,16] [2:4]
[0,-1,2] [2:2]
[0,-2,3] [2:1]
[0,-24,36] [0:6]
[0,-1992,34148] [4:162]
[0,-76,256] [2:20]
[0,0,2] [1:1]
[0,0,54] [7:17]
[0,-120,506] [7:3]
[0,-1080,13662] [871:25687]
[0,-12,272] [14:48]
[0,6,2] [1:3]
[0,54,54] [1:1]
[0,-204,1136] [14:32]
[0,756,5616] [2:64]
[0,-7884,357264] [430:8704]
[0,0,2] [3:5]
[0,-120,506] [51:355]
[0,0,54] [3:9]
[0,-1080,13662] [19:1]
[0,-12,48] [2:8]
[0,-12,272] [2:16]
[0,-108,1296] [18:72]
[0,-54,162] [9:9]
[0,-6,6] [1:1]
[0,-204,1136] [18:32]
[0,756,5616] [66:576]
[0,-7884,357264] [82:512]
[0,-12479,2296670] [213:2170]
[0,-348619,79003818] [194695:7022988]
[0,1,30] [5:10]
[0,-139,618] [19:60]
[0,-131,578] [7:2]
[0,-32,1468] [16:46]
[0,-3992,97092] [32:46]
[0,-37,84] [5:12]
[0,-92,224] [3:5]
[0,-587,5474] [50:318]
[0,-37,84] [95:924]
[0,-92,224] [10:12]
[0,0,343] [14:49]
[0,-735,7546] [17:6]
[0,0,9261] [7:98]
[0,-6615,203742] [66:594]
[0,0,28] [4:6]
[0,0,756] [3:27]
[0,1176,3332] [16:162]
[0,-1029,2401] [0:49]
[0,-62769,6052921] [147:3479]
[0,-10,3] [2:3]
[0,-95,354] [7:26]
[0,-148,693] [9:36]
[0,-143,742] [6:10]
[0,-60,180] [6:6]
[0,-75,2250] [30:150]
[0,-3075,65250] [70:250]
[0,7125,193750] [1:432]
[0,-37875,1768750] [374:6318]
[0,-30,25] [4:9]
[0,-255,1550] [9:4]
[0,1500,2500] [50:450]
[0,-1500,22500] [0:150]
[0,-3375,168750] [129:1242]
[0,-70875,7256250] [379:4508]
[0,-15,50] [1:6]
[0,-315,2150] [5:60]
[0,-3450,77875] [34:11]
[0,-4575,22750] [55:250]
[0,-45075,3662750] [110:2700]
[0,17925,180250] [35:700]
[0,-720075,235187750] [430:2250]
[0,-18075,8009750] [86:2988]
[0,150,875] [14:63]
[0,-975,8750] [19:54]
[0,-14475,670250] [69:4]
[0,-5475,148750] [10:450]
[0,-86475,9787750] [206:846]
[0,3525,589750] [30:850]
[0,60,20] [4:18]
[0,-4,12] [4:6]
[0,-8,12] [2:2]
[0,-73,2453] [26:115]
[0,-76,368] [18:64]
[0,-19324,1033936] [80:4]
[0,81,270] [2:10]
[0,-459,2538] [21:54]
[0,9,10] [2:4]
[0,-51,94] [5:6]
[0,-354,2563] [1:54]
[0,-399,1870] [30:130]
[0,-2739,53822] [31:36]
[0,1221,13210] [3:130]
[0,-66,119] [5:18]
[0,-471,3850] [38:182]
[0,-7491,249550] [146:1330]
[0,69,12166] [25:72]
[0,-387,4482] [1:64]
[0,-30627,2263518] [217:1144]
[0,-36,81] [9:18]
[0,9,270] [58:442]
[0,-883,10082] [17:4]
[0,-517,4528] [29:118]
[0,-5,1] [0:1]
[0,-200,375] [10:25]
[0,-2575,50250] [29:6]
[0,-299,1958] [9:2]
[0,-619,2970] [23:30]
[0,-8459,299322] [99:408]
[0,29,30] [2:6]
[0,-131,254] [9:14]
[0,-39,178] [26:128]
[0,-79,270] [13:30]
[0,-54,153] [4:1]
[0,-27,90] [7:8]
[0,-27,42] [2:2]
[0,-36,84] [4:2]
[0,9,6] [1:2]
[0,-332,2752] [3:61]
[0,-332,2752] [64:488]
[0,-16,25] [4:5]
[0,1,3] [1:1]
[0,-48,7] [4:11]
[0,-543,4858] [13:2]
[0,-192,1649] [2:45]
[0,-3567,81974] [23:110]
[0,-372,3611] [35:162]
[0,2868,39481] [10:99]
[0,-14007,346606] [18:770]
[0,-68,216] [29:149]
[0,-44,560] [8:20]
[0,-1324,18480] [120:1260]
[0,-1964,1232] [54:224]
[0,-68,216] [5:1]
[0,-44,560] [108:1120]
[0,4,3] [3:6]
[0,-405,4104] [3:54]
[0,-7020,226368] [46:28]
[0,15,124] [3:14]
[0,-300,1888] [2:36]
[0,-129,520] [20:70]
[0,-2019,34918] [74:470]
[0,-444,3008] [11:81]
[0,141,2410] [17:70]
[0,-201,880] [13:36]
[0,-1011,11594] [15:14]
[0,-3036,64384] [20:108]
[0,429,5290] [6:50]
[0,-45,152] [1:14]
[0,-780,8384] [13:21]
[0,15,124] [7:18]
[0,-300,1888] [11:9]
[0,15,16] [0:4]
[0,-75,142] [7:18]
[0,-32,69] [1:10]
[0,-83,274] [9:16]
[0,-299,2982] [599:14654]
[0,-6059,114982] [7855:16592]
[0,81,378] [6:18]
[0,9,14] [1:2]
[0,-311,2111] [10:1]
[0,-83,290] [195:2720]
[0,-43,570] [24370:340068]
[0,-10,9] [0:3]
[0,25,58] [7:24]
[0,4,12] [2:2]
[0,-433,3468] [11:6]
[0,-428,3552] [2:52]
[0,-135,621] [15:27]
[0,-723,7486] [15:4]
[0,-53283,4736194] [358:4698]
[0,-39,173] [11:27]
[0,-327,2675] [43:261]
[0,-15,23] [1:3]
[0,105,137] [17:81]
[0,-35,94] [7:2]
[0,-12167,559682] [219:2698]
[0,-23,46] [3:2]
[0,-529,12167] [69:529]
[0,-12,43] [11:34]
[0,8,49] [2:5]
[0,12,12] [1:5]
[0,297,4077] [4:73]
[0,-3,3] [4:7]
[0,33,151] [8:25]
[0,-1107,22194] [27:180]
[0,-27,81] [0:9]
[0,-72,236] [2:10]
[0,168,1244] [2:30]
[0,3,11] [2:5]
[0,-297,1971] [10:1]
[0,-27,74] [5:8]
[0,213,934] [37:240]
[0,-33,73] [14:47]
[0,27,297] [6:9]
[0,117,6458] [101:1024]
[0,-22923,1336122] [69:288]
[0,-48,272] [9:5]
[0,-80,276] [5:1]
[0,13,18] [1:2]
[0,-540,5103] [54:351]
[0,-8775,316386] [115:442]
[0,-60,189] [3:6]
[0,-975,11718] [6:78]
[0,-264,1235] [35:180]
[0,-1479,20878] [14:54]
[0,-156,655] [8:9]
[0,249,3490] [19:90]
[0,17,74] [11:38]
[0,13,2] [1:4]
[0,-1263,19069] [55:279]
[0,9,27] [3:9]
[0,-270,1701] [18:27]
[0,-135,3402] [9:54]
[0,33,47] [1:9]
[0,-3,29] [5:9]
[0,-2514,48517] [54:265]
[0,-2559,46690] [27:310]
[0,-8139,226730] [45:220]
[0,2301,203182] [179:2520]
[0,-52,96] [3:15]
[0,-332,2256] [10:8]
[0,148,656] [5:39]
[0,7478,244186] [257:4375]
[0,-3268,71808] [94:672]
[0,-52268,4599408] [444:7728]
[0,-4268,24208] [58:168]
[0,2,2] [1:1]
[0,-45,117] [3:15]
[0,135,621] [12:63]
[0,15,23] [9:29]
[0,-91,334] [5:2]
[0,29,62] [7:22]
[0,-200,1500] [20:50]
[0,-1825,306625] [15:575]
[0,-54,0] [2:10]
[0,216,0] [25:145]
[0,-6,0] [2:2]
[0,24,0] [1:5]
[0,-30,56] [5:9]
[0,-120,448] [7:7]
[0,-30,272] [2:18]
[0,-840,9344] [8:56]
[0,-30,272] [11:27]
[0,-840,9344] [65:459]
[0,6,88] [1:9]
[0,-264,1600] [0:40]
[0,-1434,22088] [191:2583]
[0,-66,200] [2:18]
[0,24,704] [1:27]
[0,-5826,171160] [103:567]
[0,-5736,176704] [1264:44856]
[0,18,0] [3:9]
[0,-72,0] [8:8]
[0,-247,1386] [38:210]
[0,-827,7546] [23:120]
[0,253,6286] [4915:344578]
[0,-8,7] [3:2]
[0,17,42] [114:1218]
[0,-32,31] [3:10]
[0,113,234] [18:90]
[0,12,63] [6:15]
[0,-183,882] [9:6]
[0,48,796] [28:150]
[0,-948,11203] [91:810]
[0,-543,20842] [86:754]
[0,168,236] [5:27]
[0,-1992,39076] [40:234]
[0,5,26] [3:4]
[0,-22,189] [2:15]
[0,-647,6314] [13:10]
[0,-4,2] [1:1]
[0,-262,1630] [1:37]
[0,-540,13932] [46:242]
[0,-60,516] [8:22]
[0,13,50] [2:4]
[0,-2351,51186] [41:154]
[0,753,218] [2:36]
[0,24,164] [4:18]
[0,528,2765] [43:324]
[0,-2487,23870] [38:252]
[0,12,4] [1:3]
[0,-75,182] [3:4]
[0,-435,3346] [3:68]
[0,-435,3454] [13:2]
[0,-75,8998] [49:324]
[0,4596,46676] [41:459]
[0,-432,3888] [9:27]
[0,-24,284] [22:102]
[0,-4104,101196] [42:54]
[0,-48,196] [10:18]
[0,-4899,122402] [79:128]
[0,-16419,667870] [97:110]
[0,-249699,48023710] [385715:29770]
[0,32541,3889438] [12355:67606]
[0,-236739,53231038] [1081:30888]
[0,-99,162] [9:18]
[0,-819,8910] [17:10]
[0,-13059,574398] [159:1170]
[0,-99,24030] [55:370]
[0,-5,12] [1:4]
[0,-115,474] [10:18]
[0,-323,2478] [29:112]
[0,-5323,149478] [154:1638]
[0,-38452,2902204] [153:775]
[0,-12,7] [2:3]
[0,-6372,195777] [46:1]
[0,528,4300] [13:69]
[0,-324,2241] [6:63]
[0,-1404,18171] [17:28]
[0,-31,362] [22:98]
[0,-35,82] [3:2]
[0,162,513] [4:35]
[0,-783,4482] [21:108]
[0,-2862,57591] [32:35]
[0,513,185166] [103:980]
[0,-6618,207223] [97:252]
[0,-6663,204262] [46:70]
[0,-15483,450182] [41:1008]
[0,1437,669202] [103:756]
[0,47517,3184382] [134:3458]
[0,-642,6001] [28:45]
[0,-1767,20774] [33:40]
[0,-26067,1619714] [1670:67914]
[0,4533,135434] [30:166]
[0,-318,2133] [6:21]
[0,57,6858] [11:70]
[0,18,19] [2:5]
[0,-87,166] [7:10]
[0,-138,187] [2:9]
[0,-1263,17138] [1:126]
[0,-20163,1101998] [83:16]
[0,-363,41078] [11:196]
[0,78,2189] [2:45]
[0,-2127,36146] [23:270]
[0,-5907,127906] [37:200]
[0,-33627,2373446] [107:20]
[0,-232,1444] [8:10]
[0,-49,49] [7:7]
[0,-72,235] [43:276]
[0,-87,130] [2:6]
[0,-59,198] [11:22]
[0,-979,11790] [103:990]
[0,-8419,301667] [404:7889]
[0,-59,170] [7:10]
[0,-139,390] [15:30]
[0,-1979,33878] [199:2730]
[0,-12,32] [2:4]
[0,-108,864] [6:36]
[0,-3,10] [5:10]
[0,-27,270] [3:18]
[0,-575,5250] [10:100]
[0,-1075,5250] [14:84]
[0,3925,40250] [270:4550]
[0,-100,340] [4:26]
[0,-1283,17666] [1:128]
[0,-32,80] [9:19]
[0,-44,80] [3:5]
[0,116,528] [29:165]
[0,-552,5708] [77:639]
[0,1,14] [3:4]
[0,-61,344] [31:166]
[0,10817,32618] [54:842]
[0,189,1566] [6:54]
[0,-30,1001] [8:27]
[0,-1695,26642] [19:36]
[0,-300,1996] [10:2]
[0,-102,385] [4:27]
[0,33,1330] [1:36]
[0,-84,268] [4:2]
[0,-11,58] [3:8]
[0,-66227,6620654] [118:670]
[0,-7,19] [3:5]
[0,0,625] [6:29]
[0,3375,84375] [25:125]
[0,-375,1250] [6:28]
[0,-15375,733750] [25:1050]
[0,15,25] [5:15]
[0,0,5] [1:2]
[0,0,135] [6:9]
[0,-825,9125] [20:25]
[0,675,37125] [105:1125]
[0,-15,10] [1:2]
[0,-615,5870] [14:2]
[0,75,125] [5:25]
[0,-1425,21125] [20:25]
[0,0,500] [5:25]
[0,0,13500] [60:450]
[0,-119,619] [9:31]
[0,-15,14] [2:6]
[0,45,98] [1:12]
[0,-135,378] [13:8]
[0,405,2646] [25:152]
[0,-147,610] [13:18]
[0,213,3130] [7:36]
[0,-12,92] [1:9]
[0,-1551,23506] [77:560]
[0,-1731,17710] [29:90]
[0,-11451,458570] [73:108]
[0,5109,123046] [47:470]
[0,-459,378] [11:64]
[0,-4779,126630] [38:10]
[0,-51,14] [1:6]
[0,-531,4690] [17:24]
[0,-2235,40682] [29:16]
[0,1365,154586] [43:128]
[0,-12315,4231222] [288871:2424832]
[0,-1155,1154] [17:126]
[0,4605,9218] [17:304]
[0,-61635,5889598] [1793:75152]
[0,-60195,6177886] [313:2376]
[0,-13755,620822] [317:5184]
[0,-12315,755894] [362:6498]
[0,24,268] [2:18]
[0,96,16] [1:9]
[0,-1344,20176] [97:873]
[0,-110784,14192656] [1774355:62532117]
[0,16,32] [1:7]
[0,16,32] [9:29]
[0,-19,14] [3:4]
[0,648,13095] [42:297]
[0,-5967,152010] [41:154]
[0,-69,229] [4:21]
[0,351,621] [12:81]
[0,-15357,732517] [77:81]
[0,123,28663] [112:1179]
[0,-192,1132] [29:133]
[0,123,173] [13:63]
[0,51,191] [8:27]
[0,-489,7369] [19:99]
[0,25,250] [41:264]
[0,-475,3750] [11:12]
[0,-7475,248750] [175:1950]
[0,-1475,17250] [19:196]
[0,-80,275] [1:14]
[0,-55,450] [10:30]
[0,-1000,12500] [50:250]
[0,-387,2993] [27:79]
[0,-2019,34882] [26:6]
[0,-9099,334071] [55:1]
[0,-3,11] [1:3]
[0,-75,218] [6:4]
[0,-160,779] [15:14]
[0,-64,196] [12:34]
[0,17,18] [1:6]
[0,-83,158] [11:24]
[0,-1623,25166] [23:2]
[0,-156,2261] [5:54]
[0,-3711,86870] [22:126]
[0,-7167,234970] [151:1458]
[0,-28,64] [10:28]
[0,-29,60] [47:320]
[0,-19,102] [5870:40032]
[0,-152,756] [5:11]
[0,-108,3888] [2:64]
[0,-4428,112752] [18:432]
[0,12,32] [6:16]
[0,-108,368] [6:8]
[0,372,752] [4:48]
[0,-1548,6128] [2:96]
[0,-4428,129168] [2724:142128]
[0,-73548,7677072] [334:2240]
[0,12,32] [2:8]
[0,-108,368] [2:24]
[0,33,196] [0:14]
[0,-372,2464] [10:72]
[0,-1452,18704] [18:40]
[0,-5772,168784] [45:13]
[0,33,196] [20:92]
[0,-372,2464] [10:16]
[0,-5772,168784] [100:504]
[0,-1452,18704] [32:180]
[0,-12,2576] [20:72]
[0,-2892,59024] [116:1080]
[0,-46092,3808784] [276:2120]
[0,-5772,78064] [67:405]
[0,-77772,8343664] [130:4032]
[0,20148,586096] [62:1440]
[0,-1244172,534156784] [1085:21483]
[0,-63372,11528944] [120:4172]
[0,-552,4984] [50:304]
[0,-732,1456] [20:72]
[0,-7212,234416] [8:540]
[0,2868,11536] [20:232]
[0,-115212,15052016] [98:5040]
[0,-2892,512624] [2:720]
[0,-72,216] [10:8]
[0,-252,1296] [3:45]
[0,-3852,92016] [40:44]
[0,468,7344] [2:80]
[0,-12,144] [0:12]
[0,-492,4176] [10:16]
[0,-492,4784] [80:684]
[0,-8172,284336] [218:2880]
[0,3348,20304] [48:540]
[0,-13932,165456] [38:800]
[0,-183,952] [28:126]
[0,-228,448] [11:27]
[0,-2028,34832] [34:72]
[0,852,3472] [13:99]
[0,-183,952] [12:22]
[0,-228,448] [6:40]
[0,-2028,34832] [24:4]
[0,852,3472] [2:72]
[0,-48,88] [7:9]
[0,132,592] [6:40]
[0,-1488,22088] [78:580]
[0,-1308,27632] [62:360]
[0,852,29392] [16:108]
[0,-10668,384208] [54:896]
[0,-7788,865712] [272:4140]
[0,-39468,2599472] [99:581]
[0,-166188,26076112] [214:7200]
[0,-192108,32347568] [64720:330372]
[0,-261228,6994352] [198:6080]
[0,132,272] [8:36]
[0,-588,2288] [19:45]
[0,-7788,264368] [51:13]
[0,-4908,130768] [6:400]
[0,-200,875] [9:14]
[0,-80,284] [12:22]
[0,60,668] [14:54]
[0,-111,430] [7:2]
[0,69,1690] [11:20]
[0,-5196,144164] [40:18]
[0,-683,6870] [35:110]
[0,-643,7710] [455:9690]
[0,-515,514] [17:66]
[0,2045,4098] [97:1056]
[0,-496,4252] [18:34]
[0,-52,145] [8:7]
[0,20,336] [56:420]
[0,-620,5712] [38:160]
[0,20,336] [12:48]
[0,-620,5712] [6:96]
[0,752,10572] [221:3309]
[0,-27,58] [3:2]
[0,-1188,7236] [23:89]
[0,-243,1566] [19:26]
[0,93,978] [19:98]
[0,-12,12] [1:1]
[0,-40332,3071612] [79:2401]
[0,837,26406] [27:126]
[0,-27,810] [9:36]
[0,-432,432] [1:1]
[0,-48,124] [2:6]
[0,7053,93490] [41:672]
[0,-195,1342] [17:16]
[0,-16995,852766] [185:1528]
[0,1485,13554] [105:1152]
[0,-96,208] [7:11]
[0,-6816,216592] [579761:781]
[0,-3456,78192] [33:9]
[0,-24,44] [2:2]
[0,-264,1636] [10:2]
[0,-173,872] [11:38]
[0,-268,192] [12:36]
[0,27,243] [9:27]
[0,-2493,47917] [7:255]
[0,567,155493] [12:405]
[0,3,9] [0:3]
[0,63,5759] [17:15]
[0,-22437,1293759] [192:1215]
[0,267,1483] [37:243]
[0,-1533,169607] [296:5031]
[0,-57,299] [20:81]
[0,483,5749] [7:45]
[0,-57,2081] [37:225]
[0,51937,2544862] [58:814]
[0,-240883,21812418] [5382:393162]
[0,-1901003,993848998] [66177026:441728822]
[0,-67,210] [1:12]
[0,-107,70] [1:6]
[0,-459,3510] [17:80]
[0,36,108] [6:18]
[0,-1011,12382] [23:36]
[0,-351,2430] [11:10]
[0,189,9234] [43:280]
[0,213,758] [19:108]
[0,-212,1188] [8:2]
[0,-56,212] [13:41]
[0,-16,12] [3:3]
[0,-28215,1083726] [113:1682]
[0,-135,162] [9:18]
[0,-336,2396] [24:58]
[0,-1372,19208] [19:1]
[0,-140,784] [0:28]
[0,-2380,44688] [21:63]
[0,-6860,268912] [5506:408512]
[0,196,5488] [6:64]
[0,-3724,82320] [92:720]
[0,-11564,378672] [266:3920]
[0,-58604,5460560] [28:1960]
[0,-196,0] [18:48]
[0,-2156,38416] [26:8]
[0,-2156,38416] [0:196]
[0,-343,0] [2420:3102]
[0,1372,0] [50:440]
[0,-7,0] [4:6]
[0,28,0] [2:8]
[0,-28,56] [3:1]
[0,-17,1] [3:5]
[0,13,66] [35:208]
[0,-45,116] [8:6]
[0,-60,32] [4:12]
[0,-405,3132] [96:918]
[0,-540,864] [20:44]
[0,-1329,18648] [19:16]
[0,-1299,19530] [22:40]
[0,-81,216] [5:8]
[0,189,1350] [22:116]
[0,72,3024] [8:44]
[0,-309,1820] [68:540]
[0,-1299,16198] [29:54]
[0,501,9758] [146:1782]
[0,-405,3132] [13:8]
[0,-540,864] [2:44]
[0,-45,116] [5:4]
[0,-60,32] [2:12]
[0,-9,8] [1:4]
[0,21,50] [2:10]
[0,-11961,503496] [180:1782]
[0,-408,3184] [12:4]
[0,-309,1820] [5:20]
[0,-4764,126560] [22:180]
[0,501,9758] [11:54]
[0,51,920] [20:90]
[0,-1164,14528] [19:27]
[0,-16,15] [2:3]
[0,49,106] [11:42]
[0,-50,500] [5:25]
[0,-1300,18000] [16:36]
[0,-100,400] [26:124]
[0,-25,50] [6:4]
[0,-864,9828] [24:54]
[0,33,182] [2:16]
[0,-16,188] [28:146]
[0,-13,37] [4:5]
[0,-92,340] [6:2]
[0,-948,11228] [18:2]
[0,-3,98] [6:10]
[0,-108,108] [6:18]
[0,-8532,303156] [12:450]
[0,-12,4] [0:2]
[0,-4835,139806] [110:812]
[0,-79075,8558622] [622:13524]
[0,-40,124] [2:14]
[0,-139,630] [2:30]
[0,36,37] [11:42]
[0,-159,310] [10:30]
[0,324,999] [16:91]
[0,-1431,8370] [33:54]
[0,1080,10449] [2:91]
[0,-5535,93798] [9:378]
[0,120,387] [31:182]
[0,-615,3474] [18:42]
[0,-2820,111823] [88:567]
[0,-56055,5105266] [137:54]
[0,456,6347] [39:266]
[0,-47,14] [2:10]
[0,-547,4914] [5:48]
[0,-347,8554] [10:78]
[0,-31307,1717706] [157:820]
[0,-156307,22257294] [233:1230]
[0,-31,70] [1:10]
[0,-26175,1644478] [113:360]
[0,-419835,104704666] [299:2430]
[0,-495,4239] [1192:41147]
[0,45,162] [3:18]
[0,-315,1674] [17:46]
[0,-1911,29450] [557:13104]
[0,-6771,181474] [85:378]
[0,2229,139574] [41:144]
[0,-3,25] [0:5]
[0,33,290] [14:54]
[0,-507,4070] [13:18]
[0,-24,45] [45:300]
[0,-39,18] [6:6]
[0,-75,1222] [31:162]
[0,-2235,40534] [55:54]
[0,15,11] [2:7]
[0,-165,997] [146:1757]
[0,-5115,147242] [13:288]
[0,-82875,9182954] [143:506]
[0,27285,301466] [7:702]
[0,-110955,2430362] [1543:59202]
[0,-219,2698] [1:54]
[0,-4539,117610] [15:230]
[0,429,3346] [1:54]
[0,-2451,31570] [9:230]
[0,-15411,712334] [143:90]
[0,-35571,2581810] [113:72]
[0,-178,1427] [74:625]
[0,-118,496] [10:26]
[0,-91,394] [11:8]
[0,-420,3313] [18:71]
[0,-540,1269] [5:62]
[0,-2052,35775] [26:1]
[0,-1080,16956] [40:62]
[0,-120,628] [3:31]
[0,-24,132] [16:62]
[0,-216,3564] [45:279]
[0,-12,15] [2:1]
[0,-2,3] [1:2]
[0,13,178] [9:32]
[0,-13,13] [3:5]
[0,-2197,28561] [0:169]
[0,-84,164] [8:18]
[0,105,106] [2:18]
[0,-435,862] [1:36]
[0,-8868,304004] [394:7614]
[0,-41196,3217772] [118:18]
[0,-732,7292] [16:18]
[0,20,176] [10:32]
[0,-3575,82250] [65:200]
[0,-4075,57750] [66:198]
[0,-29075,1867250] [142846:173538]
[0,-25,59] [12:37]
[0,-19,2] [1:4]
[0,-23952,778921] [88:1485]
[0,-332607,73806694] [397:11970]
[0,-72,81] [0:9]
[0,-927,10854] [3:90]
[0,-30432,2043331] [203:380]
[0,-31287,1922434] [98:450]
[0,168,169] [8:45]
[0,-687,1366] [13:90]
[0,-1,4] [1:2]
[0,-11,18] [2:2]
[0,-323,2238] [23:50]
[0,-128,752] [1:25]
[0,253,386] [7:50]
[0,3,2] [2:4]
[0,108,432] [4:8]
[0,12,16] [2:4]
[0,-189,1026] [46:296]
[0,-84,304] [38:228]
[0,108,432] [6:36]
[0,27,54] [6:18]
[0,12,16] [0:4]
[0,-21,38] [2:2]
[0,4,32] [2:4]
[0,-1484,22004] [2:158]
[0,5,17] [3:5]
[0,28,52] [12:46]
[0,-148,672] [3:33]
[0,-2348,43792] [37:87]
[0,52,2352] [24:132]
[0,-152,696] [7:5]
[0,68,2544] [32:180]
[0,-152,696] [2:20]
[0,68,2544] [8:60]
[0,-147,882] [18:48]
[0,-111132,14261940] [294:2646]
[0,5145,369754] [275:4752]
[0,-56595,4605118] [71:972]
[0,105,1078] [14:56]
[0,-1155,13426] [17:36]
[0,-63,189] [5:1]
[0,441,18522] [14:98]
[0,-8379,277830] [33:720]
[0,-131859,18429390] [310:2710]
[0,294,2401] [0:49]
[0,-1911,24010] [13:216]
[0,-10731,408170] [126:490]
[0,-28371,1839166] [49:1764]
[0,-169491,26857586] [4662:317030]
[0,-294,1715] [10:15]
[0,441,8918] [21:98]
[0,-2646,83349] [14:343]
[0,-48951,4167450] [63:2646]
[0,-252,1540] [8:6]
[0,17493,2012038] [82:162]
[0,-147,637] [7:7]
[0,-4116,278516] [196:2646]
[0,-74,245] [147480:185345]
[0,-419,3122] [11:80]
[0,181,1302] [74:646]
[0,-11723,487750] [325:5480]
[0,-187483,31245750] [62595:83022]
[0,-2747,32490] [71:442]
[0,-19387,1015830] [73:102]
[0,-23,22] [2:4]
[0,77,162] [18:84]
[0,-12,17] [2:1]
[0,-108,459] [15:36]
[0,-60,180] [9:3]
[0,-540,4860] [9:27]
[0,-675,60750] [99:918]
[0,-27675,1761750] [95:100]
[0,-75,2250] [5:50]
[0,-3075,65250] [15:150]
[0,7125,193750] [61:684]
[0,-37875,1768750] [131:972]
[0,-30,25] [1:2]
[0,-255,1550] [1:36]
[0,1125,33750] [25:100]
[0,285,1550] [11:54]
[0,-1515,14150] [25:90]
[0,-750,3125] [21:58]
[0,-6375,193750] [75:500]
[0,1500,2500] [25:225]
[0,-2100,44300] [49:243]
[0,0,100] [10:30]
[0,0,2700] [6:54]
[0,0,10000] [25:75]
[0,0,270000] [39:459]
[0,-75,40250] [5:200]
[0,-18075,922250] [65:1350]
[0,-36075,1219750] [89:1134]
[0,-288075,59512250] [70:6300]
[0,-486075,130369750] [815:3850]
[0,125925,9157750] [511:13734]
[0,-7776075,-243734842] [146615:56129150]
[0,-396075,180139750] [1064965:5187350]
[0,-120,740] [14:18]
[0,-10920,439220] [194:2178]
[0,-300,1375] [15:50]
[0,825,9250] [170:2250]
[0,-8175,431750] [243430:2724750]
[0,-435,4210] [9:32]
[0,3165,31070] [369:7168]
[0,-1875,368750] [81:104]
[0,-451875,116918750] [1097811:11253424]
[0,240,6320] [1:81]
[0,-30000,2050000] [289:3663]
[0,5325,459250] [41:864]
[0,-66675,6003250] [265:2250]
[0,-48675,13526750] [455:7650]
[0,-246675,40616750] [345:1850]
[0,-1038675,407439250] [465:5000]
[0,-1200675,505430750] [1991:70686]
[0,-19200675,-1976307618] [9250021:548516934]
[0,-1632675,109286750] [895:25200]
[0,-422,3337] [12:1]
[0,-52,129] [2:15]
[0,73,654] [3:30]
[0,-4,12] [1:3]
[0,-72,108] [3:9]
[0,-1488,22084] [20:18]
[0,-2747,2746] [50:98]
[0,10973,21954] [6:210]
[0,-13523,605278] [66:16]
[0,-13243,631542] [122:912]
[0,-43,106] [5:14]
[0,-12,52] [2:6]
[0,-99,382] [6:2]
[0,-180,932] [14:34]
[0,-351,2862] [22:8]
[0,-39,106] [7:6]
[0,-2322,53757] [14:289]
[0,-891,10314] [970:30196]
[0,6,11] [2:3]
[0,-1620,25164] [60:306]
[0,-54,189] [6:9]
[0,-193,1008] [1143:38640]
[0,-3068,65408] [66:140]
[0,-443,2142] [7:70]
[0,37,3262] [142870:4830168]
[0,-5486200,625629204] [765:34225]
[0,33,358] [1:18]
[0,8,32] [4:8]
[0,2,4] [1:1]
[0,196,1715] [1015:32340]
[0,-165,808] [11:18]
[0,-300,704] [10:36]
[0,-165,808] [7:2]
[0,-300,704] [10:52]
[0,-3,106] [5:2]
[0,-2109,37100] [47:180]
[0,-3324,10528] [4:52]
[0,-33699,2381078] [1006:31410]
[0,-9,28] [1:6]
[0,-204,1120] [5:15]
[0,-81,756] [1:26]
[0,-1836,30240] [3:189]
[0,-129,452] [1:18]
[0,276,2720] [5:65]
[0,-26121,1624444] [151:1458]
[0,-22476,2093920] [148:1476]
[0,4,44] [6:14]
[0,-1342,2833] [36:67]
[0,-1258,10379] [14:67]
[0,-103,398] [6:2]
[0,8,8] [1:1]
[0,-2068,36224] [60:236]
[0,-33,107] [12:35]
[0,267,1573] [4:21]
[0,303,1839] [37:245]
[0,2727,49653] [36:441]
[0,-297,2889] [15:63]
[0,2403,42471] [40:343]
[0,-50,2625] [5:50]
[0,-3175,68250] [46:342]
[0,-5675,54250] [65:200]
[0,-50675,4390750] [454:8658]
[0,-163,801] [8:3]
[0,-1,3] [2:3]
[0,-97,2077] [4:49]
[0,-16337,804357] [124:961]
[0,-9,1] [3:1]
[0,-1053,13149] [15:27]
[0,-261,1187] [13:3]
[0,-81,27] [12:27]
[0,240,241] [2:27]
[0,-975,1942] [1:54]
[0,-16077,784577] [16:729]
[0,-57,137] [1:9]
[0,24,29] [1:2]
[0,-117741,15550333] [197:27]
[0,-5324,0] [18:300]
[0,-27,42] [1:4]
[0,-243,1134] [9:18]
[0,-324,2268] [9:9]
[0,81,162] [9:36]
[0,-36,84] [25:121]
[0,9,6] [1:4]
[0,-27,90] [5:10]
[0,0,12] [2:2]
[0,0,324] [10:26]
[0,45,366] [25:128]
[0,-2835,58158] [73:352]
[0,-315,2154] [13:16]
[0,405,9882] [11:64]
[0,0,48] [1:7]
[0,0,1296] [193:2681]
[0,0,3] [1:2]
[0,0,81] [13:46]
[0,-171,858] [7:2]
[0,-891,9558] [17:26]
[0,-99,354] [1:16]
[0,-1539,23166] [23:8]
[0,4,48] [2:8]
[0,-5488,268912] [49:343]
[0,-225,1727] [21:53]
[0,-2205,39853] [21:53]
[0,-2025,46629] [28:109]
[0,15,281] [7:27]
[0,-183,1154] [26:108]
[0,-21,101] [5:9]
[0,-32,44] [3:5]
[0,-757,7981] [23:115]
[0,16,36] [2:2]
[0,-979,11794] [15:152]
[0,582,4417] [4:45]
[0,-3063,40138] [34:324]
[0,-20883,1132418] [78:148]
[0,-43563,3498838] [23:1584]
[0,-696963,223955998] [518:1386]
[0,-38163,4398478] [246:3146]
[0,-1578,40327] [52:135]
[0,-29703,1969702] [1927:84240]
[0,-34203,1333402] [73:880]
[0,-252003,47758718] [422:4070]
[0,222,223] [4:27]
[0,-903,1798] [14:90]
[0,-10803,431458] [58:2]
[0,-9003,327062] [41:792]
[0,-3342,76849] [8:225]
[0,-53967,4825474] [123:220]
[0,-102,871] [28:135]
[0,-2127,37726] [55:108]
[0,18,81] [0:9]
[0,-207,1026] [5:44]
[0,-2403,45198] [19:80]
[0,-1323,86022] [46:350]
[0,-498,4277] [14:7]
[0,-543,3458] [11:90]
[0,-3243,68362] [29:36]
[0,1437,22862] [11:200]
[0,-102,101] [10:11]
[0,393,794] [13:90]
[0,-342,2349] [2:55]
[0,153,8586] [3:90]
[0,-80382,8694731] [162:275]
[0,-20487,21356534] [377:4950]
[0,-16,4] [3:5]
[0,-184,961] [38:221]
[0,-28,431] [10:17]
[0,-24,72] [1:7]
[0,-444,3600] [0:60]
[0,-216,1944] [25:91]
[0,-3996,97200] [133:1313]
[0,-300,4048] [184:2484]
[0,-6060,181456] [118:864]
[0,2580,84656] [8:252]
[0,-20460,923312] [38:448]
[0,-98220,11882288] [88:1980]
[0,-1572780,759189296] [1174:23040]
[0,-75,236] [8:18]
[0,60,992] [4:36]
[0,240,488] [1:27]
[0,-1020,4016] [8:108]
[0,-4080,103304] [10:252]
[0,-65820,6499568] [136:252]
[0,-264,10712] [54:364]
[0,-9084,331760] [117:455]
[0,-145164,21288080] [4005:252265]
[0,-14124,77488] [34:720]
[0,-12,880] [6:32]
[0,-1452,21040] [6:112]
[0,-3387,59740] [32:126]
[0,7548,365920] [61:567]
[0,-195,1048] [4:42]
[0,-180,1216] [5:21]
[0,-1620,32832] [76:532]
[0,-24,72] [9:21]
[0,-444,3600] [37:175]
[0,-216,1944] [9:27]
[0,-3996,97200] [72:108]
[0,-300,4048] [4:72]
[0,-6060,181456] [42:32]
[0,2580,84656] [476:10440]
[0,-20460,923312] [102:320]
[0,-1572780,759189296] [1074370:98477568]
[0,60,128] [2:16]
[0,-300,1136] [10:56]
[0,240,488] [9:49]
[0,-1020,4016] [10:72]
[0,-4080,103304] [8649:804335]
[0,-65820,6499568] [302:1080]
[0,-804,7040] [18:40]
[0,-4044,92752] [54:392]
[0,1716,42320] [45:355]
[0,-264,10712] [14:108]
[0,-9084,331760] [2:560]
[0,-14124,77488] [16:380]
[0,-145164,21288080] [245:655]
[0,-111,376] [4:2]
[0,-516,4160] [2:72]
[0,-8076,279344] [98:360]
[0,564,19280] [16:180]
[0,-12,880] [26:128]
[0,-1452,21040] [22:16]
[0,-242,799] [517:11750]
[0,-59,106] [3:16]
[0,-4648979,-436769490] [155605:242]
[0,-8048,277797] [47:58]
[0,-6823,365262] [14:522]
[0,-59,174] [3:18]
[0,-12,97] [2:9]
[0,24,380] [8:18]
[0,96,124] [4:18]
[0,-243,594] [14:8]
[0,-9819,160726] [66:722]
[0,-5,3] [2:1]
[0,-1451,17114] [55:322]
[0,-350891,80003034] [-1996607967:-1514900210]
[0,-20651,1402330] [126544481:883751310]
[0,13,30] [1:4]
[0,-6395,196838] [46:2]
[0,1124,668] [8:94]
[0,-648,5597] [19:12]
[0,-10023,386222] [46:150]
[0,-5832,151119] [48:135]
[0,-90207,10427994] [173:10]
[0,-7608,357932] [1781:75069]
[0,-192,1001] [8:45]
[0,33,3206] [5:54]
[0,528,3796] [5:81]
[0,-12432,539044] [67:1035]
[0,-72,324] [0:18]
[0,-657,66231] [193:2645]
[0,6902448,-1246629300] [2053:140625]
[0,241,502154] [16395:167042]
[0,-428,1232] [3:5]
[0,-5548,158928] [6456:518700]
[0,-4268,234192] [182:2240]
[0,-92,336] [10:16]
[0,-172,336] [11:15]
[0,-2252,41104] [62:240]
[0,-107,444] [8:10]
[0,-1732,27744] [8:120]
[0,-107,444] [32:170]
[0,-135,621] [12:27]
[0,189,594] [1:28]
[0,-891,5130] [23:116]
[0,-795,8629] [20:27]
[0,-723,7486] [59:394]
[0,-53283,4736194] [77:1044]
[0,-39,173] [4:9]
[0,69,502] [7:18]
[0,69,38] [3:14]
[0,-327,2675] [44:261]
[0,-345,5157] [186:2523]
[0,-524259,146105630] [8657:802560]
[0,-99,3554] [31:174]
[0,-20979,1169586] [87:54]
[0,21,486] [21:96]
[0,3,5] [2:3]
[0,15,43] [2:9]
[0,-147,236882] [7:486]
[0,-937587,350456398] [3031:157014]
[0,-21,61] [10:27]
[0,-8139,291206] [581:13824]
[0,37,1630] [190:2620]
[0,16,4] [0:2]
[0,-120,388] [12:10]
[0,-11,23] [7:17]
[0,-459,3402] [234:3564]
[0,-171,918] [7:8]
[0,-51,126] [5:16]
[0,69,630] [2:22]
[0,-2487,47738] [29:2]
[0,69,394] [10:36]
[0,-89,660] [3:30]
[0,-1804,29472] [14:228]
[0,-16824,839925] [7:850]
[0,-216,135] [12:27]
[0,-2511,48330] [29:10]
[0,312,2284] [13:63]
[0,-516,4345] [8:27]
[0,249,16126] [1:126]
[0,-1519,10290] [57:330]
[0,-12299,517930] [155:1140]
[0,-4,23] [6:13]
[0,-648,12528] [4:100]
[0,-3,38] [1:6]
[0,-72,464] [8:20]
[0,-72,464] [12:20]
[0,-27,1026] [25:118]
[0,-25752,1590896] [172:1500]
[0,-648,12528] [96:900]
[0,-770,8224] [15:7]
[0,-760,8448] [17:21]
[0,-770,8224] [34:70]
[0,-760,8448] [4245:8757]
[0,-14,8] [4:4]
[0,-184,960] [40:240]
[0,-56,64] [16:56]
[0,-46,120] [5:15]
[0,-56,64] [0:8]
[0,0,44] [5:9]
[0,0,1188] [12:54]
[0,0,58564] [20:258]
[0,0,1581228] [75705:1856439]
[0,0,1331] [443:9324]
[0,0,35937] [6:189]
[0,-16335,790614] [55:242]
[0,-38,77] [2:3]
[0,-583,5418] [9:30]
[0,-23,34] [2:2]
[0,1,18] [1:4]
[0,-3,974] [7:36]
[0,-10434,509047] [1468490:56132993]
[0,50,375] [1:18]
[0,-575,4750] [15:100]
[0,325,1750] [10:50]
[0,-1675,15750] [19:96]
[0,-11675,474250] [51:968]
[0,-12,25] [1:6]
[0,60,767] [8:15]
[0,-540,4833] [24:63]
[0,-135,3402] [261:4212]
[0,-30,63] [7:14]
[0,-15,126] [3:12]
[0,33,47] [8:27]
[0,-867,9857] [16:9]
[0,-3,29] [4:9]
[0,-2514,48517] [10741445:40165468]
[0,-2559,46690] [26005:362824]
[0,-8139,226730] [77:630]
[0,2301,203182] [409:8316]
[0,69,70] [5:20]
[0,-291,574] [11:36]
[0,-291,2558] [23:54]
[0,8421,689231] [416:8649]
[0,-27,3402] [9:54]
[0,-3,126] [9:24]
[0,-57,187] [2:9]
[0,-12027,577622] [983:30618]
[0,2157,13394] [25:288]
[0,-200883,34671886] [529:2664]
[0,-84,407] [1:18]
[0,-1479,21890] [10:90]
[0,-21,47] [2:9]
[0,159,457] [22:117]
[0,10,11] [10:33]
[0,-55,102] [3:6]
[0,-11038,469212] [1:693]
[0,-179108,29175568] [6:5500]
[0,2,12] [1:3]
[0,-68,208] [6:20]
[0,-10,13] [2:5]
[0,-683,23882] [123:1324]
[0,4,1] [1:2]
[0,-35,222] [17:64]
[0,-27,135] [3:9]
[0,-747,8118] [19:28]
[0,9,9] [1:1]
[0,-364,2672] [11:1]
[0,1,26] [3:2]
[0,-24,4] [4:6]
[0,-816,6908] [12:34]
[0,-6864,218884] [53:63]
[0,-7344,186516] [237:3429]
[0,-3936,94412] [77:243]
[0,-49,120] [645:16380]
[0,-179,790] [15:10]
[0,248,848] [76:676]
[0,-3704,86767] [94:629]
[0,-736,7684] [24:62]
[0,7,39] [5:11]
[0,53,390] [6:12]
[0,-587,4870] [17:14]
[0,-643,6274] [15:112]
[0,-193,1032] [4:18]
[0,-188,1088] [4:20]
[0,-188,1088] [21:65]
[0,-16,36] [4:6]
[0,-100,384] [2:24]
[0,-140,48] [3:21]
[0,-100,384] [12:12]
[0,-140,48] [6:24]
[0,-76,144] [0:12]
[0,244,1040] [32:204]
[0,-108,972] [18:54]
[0,-27,154] [10:24]
[0,-627,6034] [50:296]
[0,1668,680756] [862:25350]
[0,-183,938] [2:36]
[0,-3,2702] [1:52]
[0,-83658,10080007] [389:4030]
[0,-183,3382] [31:144]
[0,-4683,123082] [106:756]
[0,-74883,7887202] [626:13804]
[0,-6483,19762] [74:234]
[0,-3108,66692] [34:18]
[0,-243,4158] [6:54]
[0,-5643,162918] [46:26]
[0,15012,18380412] [456:9126]
[0,-12,36] [0:6]
[0,6477,212222] [26:162]
[0,-38523,2039222] [2974:161838]
[0,-948,17228] [44:162]
[0,753,5614] [10:54]
[0,-3747,49714] [107:880]
[0,-52347,4608394] [350:4466]
[0,87468,6552236] [1460:56862]
[0,-1002,12179] [18:5]
[0,-1407,1406] [27:130]
[0,-14907,697894] [82:1170]
[0,5613,11234] [27:400]
[0,-2575,49750] [5:250]
[0,-92000,10740625] [171:94]
[0,-91375,10893750] [150:750]
[0,-2784,56540] [108:950]
[0,-327,2590] [1:54]
[0,-22,189] [11:30]
[0,-647,6314] [15:4]
[0,13,334] [7:10]
[0,-2327,43342] [27:14]
[0,169,338] [3:14]
[0,21,6] [1:4]
[0,-540,13932] [9:99]
[0,945,3834] [2:44]
[0,-147,722] [1:24]
[0,-144,688] [9:11]
[0,-51219,9652014] [1849:78848]
[0,-15,26] [2:2]
[0,105,142] [26:142]
[0,24,124] [6:22]
[0,-8,28] [4:2]
[0,-1795,29694] [62:312]
[0,-28835,1884638] [478:9672]
[0,-16,28] [2:2]
[0,-1020,614189] [77:486]
[0,-114735,14783078] [166:558]
[0,-2064,83603] [311:5418]
[0,36,135] [10:35]
[0,-279,1458] [9:18]
[0,1933,272690] [31:602]
[0,-53107,4510770] [233:2058]
[0,-19,82] [1:8]
[0,21,54] [3:12]
[0,-579,5330] [83:720]
[0,-4598,115797] [66:363]
[0,2057,423258] [33:726]
[0,-520,4564] [13:1]
[0,-567,3726] [18:90]
[0,-10,24] [22:102]
[0,-22,40] [4:8]
[0,-10,24] [2:6]
[0,-200,1088] [17:51]
[0,-563,5362] [9:32]
[0,-45,108] [1:8]
[0,45,486] [3:18]
[0,-4125,101972] [1052:34056]
[0,-4035,106634] [77:198]
[0,2472,8656] [4:36]
[0,2472,8656] [200:2916]
[0,24,592] [8:36]
[0,-57,160] [4:18]
[0,-147,470] [6:14]
[0,-57,160] [4:2]
[0,-147,470] [7:34]
[0,-1272,17552] [16:36]
[0,-1992,97072] [4:324]
[0,-1272,17552] [44:108]
[0,-201,1096] [17:20]
[0,-156,1600] [34:180]
[0,-201,1096] [1:36]
[0,-156,1600] [2:36]
[0,-245,1715] [21:49]
[0,-175,1750] [15:50]
[0,-20,96] [8:16]
[0,-460,3792] [52:336]
[0,-20,96] [2:8]
[0,-460,3792] [16:84]
[0,-104,408] [2130:6576]
[0,-124,240] [62:480]
[0,-1004,12080] [8:140]
[0,436,1808] [6:32]
[0,340,688] [13:77]
[0,-1420,5616] [32:84]
[0,-236,45904] [36:88]
[0,-20716,1135440] [2012:90024]
[0,-330476,73123664] [550:9408]
[0,-1868,31600] [12850:1456640]
[0,-30028,2002800] [1606305:182073741]
[0,8,2] [3:7]
[0,-264,1681] [14:27]
[0,-953,319673] [49:625]
[0,872,7127] [46:361]
[0,5,54] [2:6]
[0,-17,4] [5:6]
[0,-172,864] [10:12]
[0,7,8] [1:4]
[0,-43,78] [7:6]
[0,7,8] [9:28]
[0,-17,4] [0:2]
[0,-172,864] [72:600]
[0,-1107,15822] [22:46]
[0,-10287,293598] [38:206]
[0,-27,38] [1:8]
[0,-162,783] [8:1]
[0,-36,124] [14:46]
[0,189,270] [7:44]
[0,-54,81] [0:9]
[0,-39,74] [37:222]
[0,-1143,10874] [29:46]
[0,-243,1026] [5:8]
[0,-18,29] [2:1]
[0,-324,3348] [4:46]
[0,-6,3] [2:1]
[0,133,170] [7:38]
[0,81,1242] [66:540]
[0,9,46] [1:6]
[0,-192,1163] [47:306]
[0,163,291] [23:125]
[0,-318,2133] [91:850]
[0,57,6858] [21:60]
[0,-16182,896831] [47:490]
[0,-268287,53485934] [173:3500]
[0,18,19] [3:10]
[0,-87,166] [3:20]
[0,-27,26] [5:6]
[0,93,194] [5:28]
[0,-138,187] [1:18]
[0,-1263,17138] [62:378]
[0,-20163,1101998] [242:2862]
[0,-363,41078] [59:378]
[0,-138,2567] [1:52]
[0,-3783,89318] [11:360]
[0,-5403,5402] [53:378]
[0,-60483,5725298] [178:774]
[0,-58323,5403022] [137:126]
[0,21597,43202] [61:1260]
[0,-1578,24127] [11:90]
[0,-1623,22678] [19:216]
[0,-6123,160022] [51:140]
[0,2157,112642] [2:342]
[0,-94323,11149742] [177:14]
[0,10077,863102] [111:1274]
[0,-327,2266] [10:2]
[0,-507,506] [13:70]
[0,-5907,174386] [55:126]
[0,2013,4034] [13:180]
[0,78,2189] [27:140]
[0,-2127,36146] [27:40]
[0,-33627,2373446] [218:810]
[0,-5907,127906] [63:500]
[0,78,79] [15:68]
[0,-327,646] [10:54]
[0,-3027,63614] [30:14]
[0,-4107,101194] [37:450]
[0,-108,243] [11:10]
[0,-783,8262] [738:20034]
[0,-737883,243438858] [423:2646]
[0,-461403,428072202] [611:21952]
[0,-747,6886] [17:30]
[0,1173,36454] [37:240]
[0,-15147,716634] [15:702]
[0,-10827,1133946] [3:1080]
[0,-132,481] [7:10]
[0,-2007,34606] [58:210]
[0,-3132,67419] [13:170]
[0,-71643,7378058] [227:3456]
[0,-83163,4845962] [233:3402]
[0,-212043,28562182] [209:2574]
[0,-627483,187952182] [457:1834]
[0,276837,35589962] [2279:111818]
[0,-3161163,-2131832058] [1359523:407862]
[0,-363,2522] [11:72]
[0,-1083,10582] [19:56]
[0,-16203,793798] [73:2]
[0,2517,66022] [71:686]
[0,-5088,139687] [101:810]
[0,-4863,152602] [2:378]
[0,-48,628] [14:38]
[0,-7248,237508] [1994:88958]
[0,1437,29342] [23:126]
[0,-10083,303518] [49:270]
[0,-151203,22628702] [503:5346]
[0,-53283,4474402] [239:2322]
[0,-2419203,1448293502] [8903:826254]
[0,-36552,1788379] [1553:60750]
[0,104073,12222754] [22:3150]
[0,333,3726] [18:90]
[0,-2547,40014] [33:90]
[0,-38547,2912814] [113:10]
[0,-12627,510354] [47:1000]
[0,-507,2774] [10:36]
[0,-3387,73834] [25:378]
[0,-53787,4801354] [135:22]
[0,933,249226] [43:360]
[0,288,5724] [10:98]
[0,-28,16] [4:8]
[0,-7440,247164] [100:94]
[0,297,1026] [94:926]
[0,33,38] [1:2]
[0,-3332,80948] [28:98]
[0,-759,16310] [398:7920]
[0,-15339,730730] [540430:10308240]
[0,-245379,46784738] [-918835440:-228674123]
[0,-18579,399602] [4470:58504]
[0,-111,4750] [25:90]
[0,-4971,134026] [187:2340]
[0,-651,6374] [14:2]
[0,-2,5] [2:1]
[0,-144,665] [8:5]
[0,-159,518] [1:26]
[0,-856560,300538717] [779:10296]
[0,-1742295,427358306] [5690:416988]
[0,-69090960,2001290545] [67874:17556165]
[0,-69092175,1993127446] [61:474606]
[0,-4800,127879] [40:11]
[0,-6015,58138] [61:286]
[0,17,6] [6:18]
[0,-300,2096] [10:64]
[0,1620,3888] [22:224]
[0,-6060,368848] [17558:2326528]
[0,-12,112] [6:16]
[0,-27,108] [4:8]
[0,-27,108] [12:36]
[0,-12,8] [3:1]
[0,-108,3024] [30:144]
[0,-3,4] [8:22]
[0,-3,4] [0:2]
[0,-156,752] [8:4]
[0,324,3888] [8:28]
[0,-396,3312] [2:64]
[0,2484,4752] [142:1792]
[0,-84,296] [5:1]
[0,-324,1944] [11:17]
[0,36,144] [4:8]
[0,-1404,20304] [148:1736]
[0,276,176] [38:256]
[0,-3564,89424] [70:64]
[0,-12,80] [2:8]
[0,-12,80] [6:8]
[0,36,144] [2:8]
[0,-1404,20304] [42:72]
[0,180,144] [18:96]
[0,-2700,56592] [34:64]
[0,-68940,6967152] [306:768]
[0,-108,216] [3:9]
[0,-36,72] [3:3]
[0,-756,7992] [13:19]
[0,-35,50] [5:10]
[0,-235,1350] [9:6]
[0,-100,375] [11:12]
[0,25,1250] [10:50]
[0,-1075,20750] [41:64]
[0,-85075,10479250] [209:1352]
[0,-11,2] [2:4]
[0,-11,2] [3:2]
[0,147,373] [1:15]
[0,-888,10188] [69:507]
[0,-24813,1504413] [99:135]
[0,-177,1129] [7:45]
[0,1323,10071] [48:405]
[0,-7992,275076] [72:270]
[0,-2757,55719] [72:345]
[0,-48,452] [4:18]
[0,-1991433,1088227757] [956:7625]
[0,-1713,29387] [164:2025]
[0,-273,1753] [179:2385]
[0,483,19199] [80:729]
[0,-4377,538729] [55:783]
[0,-1384,41764] [16:154]
[0,68,44] [2:10]
[0,-26,60] [4:10]
[0,-436,3504] [4:72]
[0,-104,480] [20:80]
[0,-26,60] [38:232]
[0,-12,308] [2:18]
[0,-17751,910294] [430:8424]
[0,-47091,2742446] [1346:48764]
[0,-1191,6586] [25:144]
[0,-15771,761830] [218:2772]
[0,-252291,48775390] [463606:2365020]
[0,-12531,1083886] [150:1606]
[0,-1947,33050] [71:432]
[0,-1587,45650] [342:6278]
[0,-255,1474] [7:54]
[0,-795,6842] [13:36]
[0,-291,1586] [10:18]
[0,-1371,18070] [62:414]
[0,-32,156] [8:10]
[0,-115,702] [27:126]
[0,-2075,36374] [55:126]
[0,26693,1292310] [287:5478]
[0,-137147,11614230] [211:2816]
[0,0,67228] [44:134]
[0,0,1815156] [126313:1304423]
[0,0,7] [2:1]
[0,0,189] [5:8]
[0,-2352,42532] [28:294]
[0,3969,18522] [7:98]
[0,-48951,4649022] [182:2744]
[0,-10584,407484] [56:98]
[0,-116424,15150996] [133:1421]
[0,441,686] [14:98]
[0,-5439,172186] [175:2058]
[0,0,196] [3:13]
[0,0,5292] [21:63]
[0,0,2401] [15:76]
[0,0,64827] [147:1764]
[0,1,14] [2:2]
[0,-244,2752] [21:83]
[0,-227,1346] [18:20]
[0,-978122,375277761] [163:23030]
[0,-250947947,1104921750] [97823990:72504033]
[0,-2162,38309] [47:190]
[0,-3967,34974] [23:210]
[0,-51467,4490474] [307:2940]
[0,14653,269586] [243:4200]
[0,21,58] [1:6]
[0,189,1566] [21:108]
[0,-1695,26642] [53:180]
[0,-300,1996] [9:5]
[0,-63939,6222958] [361:4212]
[0,-2379,176470] [3067:169830]
[0,-1803,29990] [95:810]
[0,-102,385] [31:162]
[0,33,1330] [13:36]
[0,-324,2457] [13089:1497474]
[0,-5319,149310] [139372486:-1234859309]
[0,-3699,87858] [39:54]
[0,-36,91] [5:6]
[0,-591,5530] [2:66]
[0,-411,3254] [29:96]
[0,-120,497] [41:252]
[0,-255,826] [2:18]
[0,2445,297394] [263:4374]
[0,-144,432] [1:17]
[0,-84,83] [109:1134]
[0,213,79270] [277:4608]
[0,-31,126] [9:18]
[0,-611,5810] [67:504]
[0,-183707,30306562] [105005:2525374]
[0,-8387,579266] [127:1250]
[0,-32,144] [17:65]
[0,-91,246] [15:42]
[0,-675,23625] [55:325]
[0,300,1500] [10:50]
[0,-30,65] [4:3]
[0,-75,375] [5:25]
[0,-16875,2193750] [31:1304]
[0,-7980,274380] [106:266]
[0,-6750,219375] [100:325]
[0,-135,675] [15:45]
[0,-675,4050] [9:36]
[0,-375,3125] [75:625]
[0,-97875,11778750] [175:100]
[0,-75,650] [15:40]
[0,10125,168750] [150:2250]
[0,-1795500,926032500] [774:18]
[0,-375,3750] [25:50]
[0,-15,25] [5:5]
[0,-75,150] [5:20]
[0,-3375,84375] [25:125]
[0,-10875,436250] [61:12]
[0,405,1350] [10:80]
[0,-75,875] [5:25]
[0,-135,810] [9:18]
[0,-27675,2774250] [810:22500]
[0,-675,10125] [45:225]
[0,-300,2500] [0:50]
[0,-169,0] [180:1938]
[0,-1859,30758] [1:170]
[0,676,0] [468:10140]
[0,-2197,0] [9:138]
[0,-91,338] [13:26]
[0,-20,28] [2:2]
[0,-92,319] [5:4]
[0,-1447,21186] [58:300]
[0,1,5] [3:5]
[0,-15,54] [3:6]
[0,276,12103] [31:162]
[0,-6519,192850] [50:90]
[0,-4431,114154] [91:486]
[0,-572,5264] [2:80]
[0,-652,3696] [10:96]
[0,-4652,119504] [262:4080]
[0,2068,26544] [24:300]
[0,-112,456] [10:24]
[0,-92,624] [5:17]
[0,-652,6416] [30:32]
[0,5749,420666] [49:146]
[0,-189,972] [1:28]
[0,-21,36] [5:4]
[0,-51,90] [3:6]
[0,-21,344] [5:18]
[0,-876,9920] [70:540]
[0,-165,812] [17:36]
[0,-75,1694] [242:3762]
[0,45,54] [1:10]
[0,168,3152] [8:36]
[0,-72,432] [24:108]
[0,-21,344] [9:14]
[0,-876,9920] [18:4]
[0,-10344,404944] [56:36]
[0,-504,130896] [72:684]
[0,-189,972] [16:10]
[0,-459,2430] [37:190]
[0,-165,812] [11:36]
[0,-75,1694] [5:38]
[0,-72,432] [12:36]
[0,-10344,404944] [124:468]
[0,-57,163] [4:1]
[0,-513,4401] [33:153]
[0,61,94] [6:26]
[0,-14699,685930] [59073214:1246763266]
[0,-22,15] [4:3]
[0,-287,1870] [107:1092]
[0,4,20] [2:2]
[0,-3,9] [3:3]
[0,7317,860841] [159:2079]
[0,-3,79] [1:9]
[0,-18759,980390] [1502:57960]
[0,-33339,754630] [105:1760]
[0,-4899,2396882] [187530:7253096]
[0,-425379,106683838] [786:16060]
[0,125421,5866702] [86:4158]
[0,-111,14933] [143:1701]
[0,-13359,594351] [69:33]
[0,-27,243] [9:27]
[0,813,31883] [11:147]
[0,393,23263] [29:243]
[0,-2127,37847] [37:99]
[0,-507,12413] [41:189]
[0,34449,2608846] [89:1078]
[0,-205131,25081450] [197:2772]
[0,-111,754] [5:18]
[0,-2091,36790] [37:252]
[0,-40,63] [2:3]
[0,-575,5306] [103:1014]
[0,-17,33] [1:7]
[0,-275,882] [86:782]
[0,-7,5] [2:1]
[0,132,1267] [19:90]
[0,-1263,14938] [26:18]
[0,-228,767] [4:9]
[0,-1623,24622] [1:162]
[0,72,108] [13:55]
[0,-9468,354483] [32555:481616]
[0,-10863,243162] [78:360]
[0,528,39836] [108:1130]
[0,-16,20] [3:1]
[0,7,1] [0:1]
[0,-26675,378250] [119:1054]
[0,-14300,1808000] [2580:130900]
[0,200,2000] [20:100]
[0,-685,7021] [11:115]
[0,-675,5886] [17:26]
[0,-75,218] [1:12]
[0,-51,146] [5:4]
[0,-27,297] [8:1]
[0,-1587,24338] [29:52]
[0,-3,11] [12:41]
[0,-2835,9774] [23:208]
[0,-143235,20864898] [193:640]
[0,-315,362] [1:26]
[0,-15915,772774] [73:2]
[0,-19035,1010826] [79:10]
[0,69,106] [5:24]
[0,-838971,296558442] [493:1664]
[0,-68006331,1111614442] [595145:208]
[0,459,297] [22:143]
[0,-9,11] [2:1]
[0,51,11] [10:39]
[0,-147,1362] [7:26]
[0,-459,3078] [9:18]
[0,-93339,16198218] [189:2304]
[0,-51,114] [1:8]
[0,-203,1114] [9:4]
[0,-107,410] [11:16]
[0,53,1530] [9:18]
[0,-480,4043] [179:2376]
[0,-615,1586] [22:36]
[0,-444,3553] [16:81]
[0,-39,9790] [13:90]
[0,33,250] [7:18]
[0,-572,4548] [16:98]
[0,-172,868] [8:2]
[0,17,18] [17:72]
[0,-83,158] [3:8]
[0,-43,342] [13:36]
[0,-1043,12942] [19:4]
[0,-43,58] [7:4]
[0,-16867,219326] [97:710]
[0,-1960,42532] [84:686]
[0,-147,578] [9:4]
[0,-702,7155] [34:91]
[0,-567,9990] [57:378]
[0,-219,1402] [19:36]
[0,-116,480] [12:12]
[0,-76,816] [10:24]
[0,-239,1422] [89:826]
[0,-7082,229369] [72:605]
[0,-7687,187866] [73:600]
[0,-44867,3507826] [137:260]
[0,19813,1227366] [18:930]
[0,-39,34] [5:6]
[0,3,7] [8:23]
[0,-351,918] [22:62]
[0,-279,914] [39:218]
[0,27,189] [3:9]
[0,-24624,1487268] [24:954]
[0,-7,30] [2:6]
[0,-68,177] [2:7]
[0,137,1038] [1:30]
[0,-107,422] [6:2]
[0,-18,28] [4:6]
[0,12,112] [2:12]
[0,-918,10692] [9:135]
[0,-1188,3888] [11:125]
[0,-33,18] [6:6]
[0,-408,3168] [4:40]
[0,-918,10692] [17:1]
[0,-1188,3888] [18:108]
[0,42,92] [1:7]
[0,-228,848] [14:36]
[0,-597,5614] [22:90]
[0,-552,6496] [12:40]
[0,-102,1316] [15:23]
[0,-2532,48944] [30:4]
[0,-552,6496] [68:520]
[0,-102,1316] [10:36]
[0,-2532,48944] [13:135]
[0,78,164] [11:45]
[0,-372,1424] [10:36]
[0,-18642,998876] [67:225]
[0,-299892,63211376] [262:1620]
[0,-57,106] [10:18]
[0,168,736] [100:1008]
[0,-5457,152494] [262:4050]
[0,168,451744] [172:2160]
[0,-162,756] [19:55]
[0,108,3024] [22:100]
[0,-102,396] [18:60]
[0,-132,144] [8:20]
[0,-297,486] [2:10]
[0,-3672,85536] [828:23760]
[0,-102,396] [7:5]
[0,-132,144] [2:20]
[0,-138,812] [4:18]
[0,-2388,44912] [26:20]
[0,-633,6118] [34:108]
[0,-408,10528] [412:8352]
[0,-18,108] [3:9]
[0,-468,3888] [6:36]
[0,222,23348] [107:1107]
[0,-11028,432848] [58:108]
[0,42,56468] [58:504]
[0,-21828,1219952] [124:648]
[0,42,56468] [39:67]
[0,-21828,1219952] [94:36]
[0,-16,100] [4:10]
[0,-78608,7683932] [144:806]
[0,-272,1564] [8:10]
[0,-8092,280041] [50:21]
[0,-6647,383214] [85:578]
[0,5,14] [2:2]
[0,-24,68] [4:6]
[0,-1872,63415] [76:483]
[0,-37887,2836570] [113:42]
[0,51,1213] [9:49]
[0,15,173] [4:7]
[0,-1332120,-515041764] [2732:93150]
[0,-55,150] [11:24]
[0,-155,550] [15:40]
[0,-6050,181125] [65:250]
[0,-6175,173250] [45:600]
[0,-20675,943250] [74:426]
[0,6325,785750] [1235:43500]
[0,-272,1888] [2405:121]
[0,-244,1440] [90:840]
[0,-524,2480] [22:40]
[0,-2336,43552] [33:49]
[0,-1420,449776] [222:3328]
[0,-272,1888] [9:13]
[0,-787,8434] [53:340]
[0,-13843,603858] [41:1050]
[0,-39043,2969342] [114:4]
[0,-10,11] [2:1]
[0,-8114,281008] [6:574]
[0,-32446,2249520] [8608:798468]
[0,-891,10422] [42:162]
[0,-99,386] [13:36]
[0,60,668] [1:27]
[0,-99,270] [5:10]
[0,261,1782] [9:36]
[0,117,314] [5:32]
[0,-120,556] [2:18]
[0,-25203,48094414] [430:4536]
[0,-1299,16850] [7:160]
[0,-4179,83950] [25:70]
[0,-63219,6117838] [160355:5623506]
[0,8781,501262] [49:216]
[0,-5979,182774] [93:256]
[0,-1488,23600] [25:45]
[0,2832,1548880] [1633115:57235095]
[0,-219,4106] [17:54]
[0,1941,101734] [325:5904]
[0,-56,164] [8:10]
[0,-871,9690] [3373:195888]
[0,-1931,18506] [10:14]
[0,109,30270] [53292:85085]
[0,8,12] [2:6]
[0,-83,366] [17:56]
[0,-4392247,-751909426] [4695218:209858376]
[0,-1291,753734] [111:686]
[0,-48,92] [4:6]
[0,-312,2116] [3:55]
[0,723,13429] [12:55]
[0,-93,353] [8:11]
[0,123,619] [5:11]
[0,-37152,1154196] [3:1125]
[0,5,3] [1:3]
[0,-289,1891] [16980:179]
[0,-247,1494] [4655:25296]
[0,-227,1746] [143:1700]
[0,-51,158] [7:12]
[0,-63,270] [10:10]
[0,-459,4266] [51:324]
[0,-1692532,847526781] [687:3000]
[0,-1689887,850307734] [498:11500]
[0,-2887,56734] [23:50]
[0,-11,15] [1:5]
[0,37,38] [31:176]
[0,-268,1692] [32:150]
[0,-7,106] [5:4]
[0,-675,6858] [133:1502]
[0,-12,128] [2:12]
[0,-4728,124976] [40:12]
[0,-216,432] [8:28]
[0,-42444,3366144] [238:116]
[0,-12,128] [6:4]
[0,-4728,124976] [20:196]
[0,-4968,132624] [44:28]
[0,-216,432] [12:36]
[0,-42444,3366144] [6:1764]
[0,-552,4912] [4:84]
[0,-42552,3374352] [116:28]
[0,-24,16] [4:4]
[0,-75,254] [5:2]
[0,-42552,3374352] [112:116]
[0,-24,16] [0:4]
[0,-268,7408] [238:3664]
[0,-67,24] [12:30]
[0,-692,6976] [3:95]
[0,-20280,24167] [182:1521]
[0,-225615,41132234] [273:338]
[0,-1138215,433894318] [78:18590]
[0,-624,13988] [64:486]
[0,-6084,177957] [51:18]
[0,1521,593190] [8710:812890]
[0,-1521,22815] [23:1]
[0,-6591,628342] [338:6084]
[0,-797511,274128478] [602:3492]
[0,-39,286] [1:18]
[0,-4719,124774] [38:18]
[0,-8112,252655] [52:169]
[0,-30927,1823510] [247:3042]
[0,-156,169] [10:27]
[0,-1911,32110] [49:90]
[0,-83,291] [10:11]
[0,-11,13] [2:1]
[0,-25439,1561702] [91:18]
[0,25,750] [14:62]
[0,29,2] [2:8]
[0,-692,7380] [7:109]
[0,-27,71] [7:15]
[0,-363,3818] [47:288]
[0,-6483,200882] [98:324]
[0,177,853] [7:27]
[0,-859323,306607687] [539:153]
[0,-1287,17766] [43:80]
[0,-1467,12474] [18:90]
[0,-10467,403326] [102:630]
[0,4653,89586] [118:1450]
[0,-4023,121743] [27:459]
[0,513,20034] [13:170]
[0,-8667,289926] [93:540]
[0,-20658,1142827] [358:6111]
[0,-20703,1137598] [79:70]
[0,-36003,768782] [227:2072]
[0,-6123,2709322] [1379:51100]
[0,717,11518] [11:144]
[0,-5403,122902] [62:162]
[0,-3,83] [1:9]
[0,-282,1771] [10:7]
[0,-687,4466] [23:90]
[0,-9867,377174] [2:630]
[0,2013,30926] [5:144]
[0,-147,691] [5:9]
[0,68793,34309631] [37:6075]
[0,-182127,908139854] [1337:35190]
[0,-15215907,1133061426] [11163:1094800]
[0,-237199,44519074] [153:8788]
[0,-8,68] [4:10]
[0,24,572] [3432:201058]
[0,-21,17] [8:19]
[0,-504,4356] [0:66]
[0,216,15444] [21:171]
[0,-117,477] [1:19]
[0,-189,459] [12:9]
[0,-1027,12654] [81:660]
[0,-16427,810374] [151:390]
[0,-1307,5206] [7:60]
[0,-193427,39409746] [167:3430]
[0,-3266707,-2022512302] [337:57750]
[0,-3439187,2019150866] [3527:183750]
[0,-52266707,-588233070] [4713:61600]
[0,-47,86] [18:70]
[0,-39,90] [13:40]
[0,21,342] [9:24]
[0,-351,2430] [18:54]
[0,189,9234] [9:108]
[0,-51,130] [7:12]
[0,-171,710] [9:10]
[0,213,758] [11:54]
[0,-3603,554434] [13:774]
[0,-27,118] [7:6]
[0,-243,3186] [15:54]
[0,-120,637] [61:468]
[0,-120,524] [10:18]
[0,600,1532] [2:18]
[0,22893,2978642] [89:486]
[0,-8625747,1162087406] [9629477:736903026]
[0,-275979,55708090] [218:2430]
[0,96,1172] [14:54]
[0,-291,290] [17:18]
[0,1149,2306] [25:216]
[0,-2091,40538] [7:162]
[0,-399,19366] [130:1458]
[0,-68439,6891406] [346:3294]
[0,-172,720] [8:12]
[0,-812,8240] [22:32]
[0,-124,528] [66:528]
[0,-212,1188] [17:11]
[0,-32,68] [3:1]
[0,3,13] [1:3]
[0,-621,5967] [112:1153]
[0,87,169] [0:13]
[0,-1516,22668] [22:6]
[0,5,86] [5:8]
[0,-8459,16198] [89:178]
[0,-90379,10420410] [8103:728910]
[0,-1444619,668310202] [157455:2765152]
[0,-46859,20473530] [993928801:1639978814]
[0,11,7] [6:17]
[0,-675,5778] [17:28]
[0,21,326] [14:58]
[0,-75,214] [3:4]
[0,-490,4116] [12:6]
[0,-980,5488] [42:196]
[0,-88,484] [11:11]
[0,-10648,644204] [605:14641]
[0,-2700,30375] [20:125]
[0,-19575,1032750] [45:1350]
[0,-300,1125] [5:50]
[0,-2175,38250] [54:42]
[0,15,205] [4:9]
[0,-127200,17460875] [2735:141750]
[0,-121575,19075250] [71830:1255086]
[0,-148125,23396875] [1069:32247]
[0,-1200,78500] [20:250]
[0,-181200,29688500] [245:25]
[0,15,65] [1:9]
[0,-885,10145] [16:9]
[0,1500,7625] [16:189]
[0,-6375,62750] [65:450]
[0,-25500,1614125] [115:450]
[0,-411375,101555750] [70:8550]
[0,-13800,622375] [70:25]
[0,-8175,1134250] [235:3150]
[0,-67800,6276125] [205:3400]
[0,72825,28916750] [490:13500]
[0,-720,7425] [10:35]
[0,-495,12150] [9:126]
[0,375,25625] [25:225]
[0,-5925,187175] [104:567]
[0,34575,73775] [5:315]
[0,-9000,337500] [400:7750]
[0,375,8125] [4:81]
[0,-22125,1268125] [100:1575]
[0,-691500,368103125] [4975:346500]
[0,-12993375,841424566] [2134:3402]
[0,60,425] [4:27]
[0,-615,5150] [5:90]
[0,-152,720] [7:1]
[0,-152,720] [8:4]
[0,4,7] [2:3]
[0,13,66] [2:10]
[0,-187,906] [10:6]
[0,8,76] [2:10]
[0,-47,110] [3:2]
[0,-187,870] [11:12]
[0,-135,108] [8:26]
[0,-1620,25056] [30:216]
[0,-5580,159344] [82:256]
[0,-9420,87952] [88:244]
[0,-15,4] [0:2]
[0,-180,928] [2:24]
[0,-60,144] [2:16]
[0,-300,1872] [8:4]
[0,-972,2160] [24:108]
[0,-9612,360720] [56:44]
[0,-372,2720] [14:72]
[0,-12,7760] [14:72]
[0,-300,592] [8:36]
[0,1140,4624] [37:297]
[0,-3540,81056] [10:216]
[0,-3180,98192] [13:243]
[0,-12,38] [27:139]
[0,-372,5002] [27:121]
[0,-281532,57496282] [38295:77]
[0,-444,3472] [4:72]
[0,-1164,10640] [12:40]
[0,3156,71120] [53:495]
[0,96,200] [2:20]
[0,-444,1712] [14:72]
[0,-46839,3098068] [284:3564]
[0,-705684,228159520] [438:1760]
[0,-662124,257553808] [636:9680]
[0,-1191,15820] [36:140]
[0,-1236,14560] [18:176]
[0,-5196,129584] [36:104]
[0,2004,78064] [5:297]
[0,-3756,87856] [6:256]
[0,-6636,65360] [12:112]
[0,-84396,9427664] [356:2376]
[0,25044,508880] [3156:177520]
[0,6,34] [5:11]
[0,-372,2720] [12:4]
[0,-12,7760] [38:216]
[0,-25932,1171600] [56:324]
[0,66228,7622800] [133:1881]
[0,-5797452,1077871984] [1582:12672]
[0,-5791692,1089080944] [1213:11979]
[0,-36,64] [6:8]
[0,84,400] [3:11]
[0,-60,144] [3:3]
[0,-300,1872] [18:48]
[0,-5580,159344] [43:33]
[0,-9420,87952] [114:704]
[0,-37260,2669328] [21:1377]
[0,-590220,174529296] [930:20736]
[0,-47844,4027968] [124:44]
[0,-46764,4218480] [45:1485]
[0,-324,1728] [14:8]
[0,756,10800] [13:35]
[0,-5316,149184] [34:88]
[0,-5196,156240] [37:121]
[0,-36,64] [4:4]
[0,84,400] [8:28]
[0,-972,2160] [3:27]
[0,-9612,360720] [82:352]
[0,-300,592] [16:36]
[0,1140,4624] [18:176]
[0,18,378] [13:53]
[0,-12,38] [1:7]
[0,-372,5002] [26155:376621]
[0,-444,3472] [11:9]
[0,-1164,10640] [22:160]
[0,-17004,853328] [86:1296]
[0,3156,71120] [5:295]
[0,96,200] [50:360]
[0,-444,1712] [16:36]
[0,-291,1816] [4:54]
[0,204,7360] [32:216]
[0,-3756,87856] [35:27]
[0,-6636,65360] [22:448]
[0,-84396,9427664] [70:3872]
[0,25044,508880] [176:3220]
[0,-25932,1171600] [32:612]
[0,66228,7622800] [78:1408]
[0,-5791692,1089080944] [574570:31896288]
[0,24,1240] [7:27]
[0,-1596,23920] [28:216]
[0,-3756,54704] [46:144]
[0,-25356,1554064] [70:1728]
[0,-21,29] [25:123]
[0,-4845,102053] [481:10443]
[0,-15,38] [2:4]
[0,-9,7] [1:1]
[0,-189,783] [16:17]
[0,-15957,775845] [73:1]
[0,648,540] [16:118]
[0,-135,1026] [15:18]
[0,-131,494] [5:32]
[0,-2011,34710] [42:156]
[0,-50,0] [1:7]
[0,200,0] [49:357]
[0,-250,0] [9:39]
[0,-10,0] [1:3]
[0,40,0] [9:33]
[0,-12,340] [20:90]
[0,-291,1870] [2:36]
[0,-651,3674] [6:4]
[0,22,93] [6:21]
[0,-223,1122] [3:42]
[0,-923,9658] [13:12]
[0,-3443,77758] [43:96]
[0,-47,114] [7:10]
[0,53,534] [5:12]
[0,-135,1566] [15:54]
[0,-48,844] [13:27]
[0,24,7508] [37:243]
[0,-139,3226] [2100679:459628]
[0,-272,80980] [46:62]
[0,-32,32] [1:1]
[0,-44,208] [6:16]
[0,-948,11228] [17:5]
[0,-3,98] [1:10]
[0,-108,108] [1:1]
[0,-27,2646] [33:180]
[0,-432,3024] [15:9]
[0,33,26] [2:10]
[0,-567,5346] [10:26]
[0,-147,814] [17:40]
[0,1053,5346] [1:80]
[0,-912,4316] [2:50]
[0,-60912,5786316] [142:10]
[0,-192,976] [7:5]
[0,-2592,50544] [25:37]
[0,-72,36] [2:10]
[0,-3672,85644] [34:10]
[0,573,8254] [17:80]
[0,-5427,296946] [23:640]
[0,-1827,657954] [47:800]
[0,-631827,193311954] [313:5120]
[0,-63,198] [94:908]
[0,297,702] [6:36]
[0,-603,10998] [31:10]
[0,5157,222858] [159:2250]
[0,-17,40] [13:44]
[0,-41,100] [3:14]
[0,-76,96] [6:12]
[0,-17,40] [3:8]
[0,-307,2070] [18:42]
[0,2132,12224] [118:1372]
[0,-124,544] [10:28]
[0,-127,550] [1:26]
[0,-9,17] [1:3]
[0,-81,459] [60:459]
[0,15,119] [5:9]
[0,-165,893] [1:27]
[0,-7,9] [5:9]
[0,-452,3700] [12:86]
[0,-139,630] [43:270]
[0,-179,238] [11:20]
[0,-87,310] [11:8]
[0,-27,730] [23:104]
[0,-612,6372] [42:234]
[0,-66,10649] [20:63]
[0,-7671,255530] [62:702]
[0,-14691,285010] [74:630]
[0,-122331,16468454] [175:648]
[0,-12,1388] [26:126]
[0,-361191,83551354] [299:1512]
[0,-361371,83463910] [57:10192]
[0,-487731,19955374] [1046:25578]
[0,-237891,141376030] [6:11830]
[0,76437,10132614] [90:4212]
[0,-90,341] [2:13]
[0,-1455,21362] [19:24]
[0,-521694,145034685] [390:945]
[0,-521559,145113498] [349:2366]
[0,-699,7114] [58:384]
[0,-1830,29923] [26:9]
[0,-615,69046] [85:702]
[0,-1902,31925] [23:252]
[0,-1767,36650] [43:182]
[0,-53,148] [3:4]
[0,-28,288] [8:24]
[0,-17,24] [5:8]
[0,-67,186] [10:12]
[0,-17,24] [5:4]
[0,-67,186] [170:2214]
[0,-40601,3574583] [2863:152799]
[0,15,7] [1:3]
[0,135,189] [28:161]
[0,-43186905,1864445273] [3781:1403]
[0,-39,2] [1:6]
[0,113,262] [6:34]
[0,195,844] [8:54]
[0,-1020,7648] [4:108]
[0,15,448] [4:18]
[0,-795,8386] [50:306]
[0,195,844] [5:16]
[0,-1020,7648] [26:36]
[0,-417,5200] [31:108]
[0,-7707,260350] [274:4266]
[0,-1747,28114] [17:230]
[0,-408,268] [19:25]
[0,-1632,9844] [27:185]
[0,-108192,13697476] [117:1625]
[0,-16752,1594604] [317:4995]
[0,143088,32083684] [52:4950]
[0,-10571222,344368823] [3768:20875]
[0,-15,2] [1:4]
[0,-2619,51462] [31:8]
[0,-6,1] [0:1]
[0,324,2484] [6:18]
[0,-3051,64854] [33:360]
[0,-270,1647] [8:1]
[0,-75,246] [7:8]
[0,-1119,14258] [1:124]
[0,-30,61] [2:3]
[0,-675,6642] [14:8]
[0,-10071,384966] [59:62]
[0,-135,54] [3:18]
[0,-54,27] [6:9]
[0,36,92] [9:31]
[0,-291,1906] [10:2]
[0,-27,70] [3:4]
[0,-49572,4248180] [156:558]
[0,-4,5] [5:10]
[0,-840,207412] [43:405]
[0,-292440,60871876] [448:10098]
[0,96,772] [4:18]
[0,-20496,46094996] [925:28611]
[0,-4464,114804] [37:17]
[0,-35,66] [3:12]
[0,-5,9] [0:3]
[0,-173563,27618487] [211:625]
[0,-3887,92274] [61:320]
[0,-7267,92274] [8470:37296]
[0,-95147,11288186] [3978:250120]
[0,-1027,12571] [3:125]
[0,-732,7292] [1:81]
[0,-3940059,-462012198] [1109:28764]
[0,-67712979,-298964110] [8865:343570]
[0,69,826] [5:36]
[0,-1011,11410] [33:94]
[0,-84,164] [7:9]
[0,-24,36] [3:3]
[0,-216,972] [18:54]
[0,-144,656] [7:3]
[0,45,1134] [15:54]
[0,-1395,19278] [63:378]
[0,-192,272] [7:27]
[0,8349,146846] [167:2430]
[0,-37731,1243550] [5009:354240]
[0,-504291,137759006] [628555:44100666]
[0,-308451,65082850] [353:432]
[0,-291,5474] [1:72]
[0,-6771,214130] [1:470]
[0,-8931,65954] [127:990]
[0,-108291,13716290] [215:610]
[0,-336,2252] [2:54]
[0,-4656,121732] [38:18]
[0,-1804,29524] [30:238]
[0,121,2662] [286:4840]
[0,-2299,39930] [35970:601128]
[0,-36179,2648690] [1105689960:28156715]
[0,-7139,183678] [46:644]
[0,16,20] [5:15]
[0,-4075,57750] [51:132]
[0,-29075,1867250] [179:1156]
[0,-360,4884] [13:49]
[0,-35640,2589732] [72:630]
[0,-3240,131868] [72:90]
[0,9,222] [2:14]
[0,-2511,48438] [22:62]
[0,81,5994] [18:36]
[0,81,810] [7:10]
[0,-1944,36612] [16:98]
[0,9,30] [2:2]
[0,-216,1356] [109:1127]
[0,-1292,15949] [3:110]
[0,-20047,1092486] [102:330]
[0,-11883,498582] [31:400]
[0,-12003,487998] [102:570]
[0,125637,14033338] [20241161:438899616]
[0,-183,1802] [2:38]
[0,-3603,83198] [31:36]
[0,-106947,13461714] [3267:185760]
[0,-108027,13175946] [162:270]
[0,177,1582] [13:54]
[0,-1443,17458] [67:432]
[0,-21963,1252762] [238:2646]
[0,-603,25002] [154:1880]
[0,177,4498] [7:54]
[0,-3243,66742] [11:180]
[0,42,43] [2:7]
[0,-183,358] [11:18]
[0,-234318,43693117] [282:203]
[0,-3749943,-1499946054] [1109:522]
[0,5793,401506] [43:270]
[0,-59187,4859134] [83:720]
[0,-243867,41421674] [2142:96250]
[0,-914187,336428134] [558:230]
[0,-4,32] [4:4]
[0,-44,144] [4:16]
[0,-44,144] [8:4]
[0,-40,92] [4:2]
[0,-120,92] [4:18]
[0,-139,634] [23:98]
[0,101,330] [47:330]
[0,-539,3018] [19:80]
[0,-552,4992] [16:16]
[0,-4968,134784] [40:8]
[0,24,128] [8:24]
[0,-6,8] [3:1]
[0,216,3456] [16:64]
[0,-24,64] [0:8]
[0,-54,216] [6:18]
[0,6,16] [1:3]
[0,-1242,16848] [18:18]
[0,-138,624] [7:1]
[0,54,432] [7:17]
[0,-6,8] [2:2]
[0,6,16] [2:2]
[0,-24,64] [8:16]
[0,-257,1895] [51:343]
[0,-7207,235494] [1107:36720]
[0,-7187,236866] [103:340]
[0,-64,1204] [3:37]
[0,-524,4624] [40:196]
[0,1,4] [4:8]
[0,1,4] [0:2]
[0,-524,4624] [14:96]
[0,12,36] [2:2]
[0,-279,1782] [39:216]
[0,-939,682] [1:16]
[0,-10659,422530] [3430:200790]
[0,-219,218] [9:32]
[0,861,1730] [18:140]
[0,108,972] [9:27]
[0,-255,1442] [11:54]
[0,285,6734] [5:72]
[0,-2595,50866] [118:1134]
[0,-210,2869] [10:63]
[0,-4575,118978] [43:486]
[0,-32,1468] [6:38]
[0,-3992,97092] [198:2622]
[0,-307,1138] [1:38]
[0,-3061,65491] [30:361]
[0,12,37] [3:10]
[0,-588,5497] [1:78]
[0,-405213,99282887] [1999080:252604261]
[0,-262713,169989887] [953:21099]
[0,-48,132] [4:2]
[0,34908,9108349] [683:18750]
[0,-10152,591516] [2200:103078]
[0,3,29] [5:13]
[0,314172,245925423] [9293562:54536059]
[0,-1128,21908] [19:191]
[0,27,783] [24:117]
[0,108,999] [7:10]
[0,-5292,148419] [115:874]
[0,-3646917,-1614329347] [1167:73125]
[0,-2364417,294759653] [1052:76895]
[0,-432,3564] [45:261]
[0,-1358,7932] [12:150]
[0,4892,60432] [6:300]
[0,1223,7554] [38:330]
[0,-5432,63456] [28:440]
[0,-5432,63456] [52:280]
[0,-532,44656] [38:100]
[0,-147,882] [21:84]
[0,-1323,23814] [63:378]
[0,-12348,528220] [65:15]
[0,5145,369754] [34349:6366080]
[0,-56595,4605118] [173:90]
[0,105,1078] [2:36]
[0,-1155,13426] [13:162]
[0,-63,189] [4:1]
[0,357,5866] [23:162]
[0,-3234,70315] [23:90]
[0,-5439,37730] [777:21560]
[0,-67179,6693302] [371:4410]
[0,21021,297038] [21:392]
[0,-1778259,912726430] [1757:37240]
[0,-173019,3322298] [101:4446]
[0,441,18522] [246:3870]
[0,-8379,277830] [45:90]
[0,-131859,18429390] [1015:29890]
[0,-26019,1278018] [189:1764]
[0,-84,812] [1:27]
[0,294,2401] [91:882]
[0,-1911,24010] [26:90]
[0,-10731,408170] [77:882]
[0,-169491,26857586] [245:196]
[0,6909,1618274] [49:1078]
[0,-147,37730] [7:196]
[0,-17787,902090] [7:882]
[0,0,343] [21:98]
[0,-735,7546] [2:78]
[0,0,28] [2:6]
[0,0,756] [30:162]
[0,0,268912] [31:489]
[0,-1491,22162] [23:6]
[0,189,68418] [33:162]
[0,21,2534] [53:384]
[0,-13419,598374] [165:1296]
[0,-7203,542626] [49:882]
[0,-995043,396371486] [4655:309582]
[0,1176,3332] [14:126]
[0,-16464,883568] [49:441]
[0,3381,92806] [37:288]
[0,-102459,12687766] [3565:211968]
[0,-1029,2401] [10:83]
[0,-112,409] [12:5]
[0,-397,3085] [20:55]
[0,-59,406] [10:2]
[0,-227,1310] [9:2]
[0,-23,22] [3:8]
[0,77,162] [2:18]
[0,-83,18] [9:6]
[0,-883,10062] [17:6]
[0,-143,742] [514:11650]
[0,-291,2542] [63:484]
[0,6,1] [0:1]
[0,-108,756] [6:18]
[0,-3,46] [3:8]
[0,-2619,68634] [75:396]
[0,-21,223] [8:11]
[0,33,4570] [31:162]
[0,-251,742] [3:4]
[0,675,0] [1:26]
[0,-2700,0] [50:100]
[0,75,500] [1:24]
[0,-675,5750] [5:50]
[0,675,13500] [5:100]
[0,-6075,155250] [130:1250]
[0,-45,0] [5:10]
[0,180,0] [6:36]
[0,-3000,110000] [200:2700]
[0,-3000,110000] [100:900]
[0,600,9200] [4:108]
[0,-1875,36250] [1229:43058]
[0,15,200] [11:36]
[0,-435,3350] [26:54]
[0,15,200] [4:18]
[0,-435,3350] [1:54]
[0,-165000,25810000] [200:900]
[0,-115500,17800000] [694:15372]
[0,-121125,16225000] [75:2750]
[0,-115500,17800000] [86:2916]
[0,15,0] [1:4]
[0,-60,0] [6:12]
[0,3375,0] [49:532]
[0,-13500,0] [54:756]
[0,-2325,38500] [61:216]
[0,-36075,2637250] [1186:40284]
[0,-9075,292250] [10:450]
[0,3300,196000] [94:972]
[0,-225,0] [9:36]
[0,-2475,47250] [70:350]
[0,-2475,47250] [66:414]
[0,900,0] [10:100]
[0,-120,880] [4:36]
[0,15000,1150000] [4:1044]
[0,-120,880] [16:36]
[0,-1425,20500] [15:50]
[0,-300,52000] [5:225]
[0,-75,290] [21:86]
[0,-6600,206480] [16:324]
[0,-6825,209000] [585:14000]
[0,-108075,13675250] [545:9450]
[0,-18075,657250] [130:900]
[0,3300,776000] [90:500]
[0,-50925,4335500] [100945:2742012]
[0,-810300,280748000] [3230:175500]
[0,-111675,7996750] [45:1750]
[0,-6825,209000] [41:648]
[0,-18075,657250] [95:450]
[0,-108075,13675250] [130:1350]
[0,3300,776000] [10:900]
[0,-525,2500] [0:50]
[0,-3900,92000] [34:36]
[0,-7275,238750] [5:450]
[0,1725,18250] [90:950]
[0,-18412,961612] [81:41]
[0,-47,1982] [1:44]
[0,-2888,20577] [114:1083]
[0,-37183,2757318] [57:2166]
[0,-140,624] [12:24]
[0,20,1968] [8:36]
[0,-140,624] [44:280]
[0,20,1968] [5420:35448]
[0,-43,118] [3:4]
[0,-99,702] [6:18]
[0,-1164,15284] [22:18]
[0,-10947,475810] [742:19998]
[0,3525,118838] [58:720]
[0,-2532,46028] [28:54]
[0,69,3062] [2:54]
[0,-156,412] [8:18]
[0,-704244,227474516] [484:18]
[0,-103,198] [7:24]
[0,-1403,20218] [27:196]
[0,-13523,605278] [283:4270]
[0,-13243,631542] [35355:533994]
[0,-803,6302] [9:14]
[0,-4723,119922] [71:312]
[0,-74723,7861922] [1679:67938]
[0,2557,456258] [57:354]
[0,-467,3474] [7:80]
[0,653,17586] [7:150]
[0,-1067,13414] [125:1344]
[0,-1147,11286] [25:42]
[0,-6347,185274] [29:160]
[0,2773,71654] [31:210]
[0,-25,25] [1:7]
[0,17700,13128631] [286:3915]
[0,-738615,236544082] [497:2790]
[0,-1119,1258] [14:108]
[0,-8076,265655] [52:117]
[0,-23511,1052494] [121:1458]
[0,-327,5938] [26:56]
[0,7,17] [1:5]
[0,-1620,25164] [25:17]
[0,-118155,15632422] [1783:73770]
[0,-258,1991] [11:22]
[0,-54,189] [55:404]
[0,-2322,53757] [303:5202]
[0,-891,10314] [15:18]
[0,-6,7] [3:4]
[0,6,11] [1:2]
[0,45,146] [1:10]
[0,-435,5902] [31:102]
[0,-44427,3604282] [101:384]
[0,-27,1782] [13:8]
[0,-27,31158] [37:136]
[0,24,20] [2:6]
[0,381,3454] [65:544]
[0,-3699,143154] [73:512]
[0,-3,66] [1:8]
[0,-3,1154] [1:34]
[0,-12339,580338] [79:314]
[0,216,540] [2:10]
[0,-411,5302] [317:5632]
[0,3429,93258] [3:288]
[0,48,240] [1:17]
[0,28,86] [3:5]
[0,-767,8176] [52:330]
[0,-772,8064] [22:120]
[0,-1772,17136] [27:105]
[0,148,26096] [70:616]
[0,28,86] [7:25]
[0,432,108] [21:135]
[0,48,4] [8:30]
[0,-167,830] [7:2]
[0,-459,4374] [27:108]
[0,789,3706] [10:72]
[0,-853408,303447268] [536:106]
[0,-87880,10024911] [21530:5247]
[0,49,98] [7:28]
[0,2401,33614] [15:76]
[0,196,2940] [32:190]
[0,-686,7203] [98:931]
[0,-265139,52548286] [294:98]
[0,9604,1008420] [8:1042]
[0,-5411,153202] [19130:201676]
[0,-14,21] [2:1]
[0,20,32] [2:4]
[0,-77,260] [4:4]
[0,-67,330] [6:12]
[0,-2923,60826] [31:2]
[0,-324,6048] [11:91]
[0,-324,6048] [996:31428]
[0,-51,140] [8:6]
[0,-36,224] [4:12]
[0,-36,224] [20:84]
[0,-192,920] [7:9]
[0,-732,6640] [30:40]
[0,-120,1064] [2:36]
[0,-2460,46928] [16:108]
[0,-120,232] [7:27]
[0,420,1744] [5:63]
[0,-1548,35856] [382:7424]
[0,-122508,18108144] [290:5408]
[0,-588,5744] [14:16]
[0,-5619,261740] [40:650]
[0,-104484,12995552] [181:117]
[0,-5619,261740] [2640:135590]
[0,-104484,12995552] [404:3276]
[0,-144,648] [6:36]
[0,36,2160] [3:45]
[0,-516,3616] [11:27]
[0,69,340] [48:338]
[0,-516,3616] [19:81]
[0,-23448,1298360] [230:2340]
[0,20292,5584880] [1440:54860]
[0,168,2680] [22:108]
[0,-2172,35440] [32:36]
[0,-204,2160] [93:885]
[0,-4044,98928] [114:960]
[0,36,80] [5:15]
[0,-204,752] [6:16]
[0,-1836,58320] [27:297]
[0,-36396,2671056] [106:64]
[0,324,2160] [10:80]
[0,-1836,20304] [14:208]
[0,-6048,184680] [1390:51740]
[0,-97308,11683440] [175505:6397651]
[0,-672,6840] [9:39]
[0,-10812,432720] [48:156]
[0,-75,88] [44:286]
[0,-660,6464] [20:108]
[0,-2955,61792] [16:324]
[0,-3540,35584] [128:1296]
[0,-75,88] [4:18]
[0,-660,6464] [32:72]
[0,-480,88] [26:72]
[0,-5340,149776] [5:351]
[0,-26400,1651016] [1106:36360]
[0,-26940,1579952] [112:180]
[0,-2955,61792] [1268:45110]
[0,-3540,35584] [11:45]
[0,-264,952] [26:108]
[0,-1884,30800] [53:135]
[0,-29964,1996400] [1925:84105]
[0,276,3760] [13:45]
[0,-2604,44080] [205:2835]
[0,-11244,415568] [86:864]
[0,-11244,9580880] [277:5265]
[0,-748524,246985040] [74320:2743884]
[0,-1347564,204211888] [116519920:-983977692]
[0,-11945964,-1287820976] [1754:18304]
[0,-1416,20504] [25:27]
[0,-1596,14960] [38:144]
[0,-10956,430576] [64:92]
[0,4884,105680] [11:225]
[0,276,2896] [6:32]
[0,-2604,101936] [138:1472]
[0,-264684,52413104] [363570:19277312]
[0,-192,920] [2:36]
[0,-732,6640] [11:9]
[0,4,44] [1:7]
[0,-139,586] [11:28]
[0,-8,48] [8:20]
[0,-28,32] [3:5]
[0,-8,48] [4:4]
[0,24,36] [0:6]
[0,-240,4221] [27:132]
[0,-5655,163422] [2:418]
[0,-1200,16076] [101:945]
[0,3120,85628] [29:171]
[0,-48,1316] [4:38]
[0,-272,1612] [11:7]
[0,-95248,11308508] [176:58]
[0,-272,1719] [10:1]
[0,-127,3546] [19:30]
[0,-20,48] [4:8]
[0,-5,6] [2:2]
[0,-3,142] [1:12]
[0,-1767,149501] [83:525]
[0,-9747,370494] [55:28]
[0,-3,47] [1:7]
[0,93,5906] [63:500]
[0,-87,331] [15:49]
[0,-4227,105779] [53:175]
[0,-5,1] [2:1]
[0,-179,882] [9:42]
[0,-7379,243950] [225:3080]
[0,-124,532] [6:2]
[0,-12,227] [23:108]
[0,-624,6293] [19:36]
[0,-10119,391790] [10:540]
[0,125,18750] [1150:39000]
[0,-9875,368750] [121:456]
[0,5,150] [10:30]
[0,-395,2950] [11:8]
[0,116,240] [510:11520]
[0,-524,2032] [24:28]
[0,-1196,15664] [24:28]
[0,-2476,23760] [27:153]
[0,-33836,2394576] [106:32]
[0,8404,176080] [101:1305]
[0,-1196,15664] [20:16]
[0,-2476,23760] [108:1008]
[0,-33836,2394576] [54:2016]
[0,-524,2032] [11:49]
[0,-147,1010] [11:36]
[0,-171,1574] [21:64]
[0,189,6210] [1:80]
[0,-4131,96930] [23:424]
[0,-3963,96086] [74:126]
[0,-39,178] [6:14]
[0,-1731,86722] [33:256]
[0,20373,209050] [117:2048]
[0,-8715,313274] [107:144]
[0,6405,1241642] [41:954]
[0,141,1586] [7:16]
[0,-1299,48814] [1057:34344]
[0,33,70] [1:6]
[0,961,29791] [93:961]
[0,-31,62] [3:2]
[0,-40,76] [6:10]
[0,-69320,6670540] [179:49]
[0,200,1125] [171:2244]
[0,-1175,10750] [30:50]
[0,-243,1431] [3:27]
[0,-891,9990] [7:64]
[0,189,32670] [34:280]
[0,-891,10233] [17:1]
[0,-39,11] [5:9]
[0,-20523,1131599] [10:963]
[0,-3243,71039] [55:243]
[0,-939,11050] [58:360]
[0,-579,19618] [7130:45576]
[0,-27,53] [3:1]
[0,-99,370] [22:90]
[0,-99,379] [5:3]
[0,-111,353] [7:9]
[0,-183,911] [14:27]
[0,-4,9] [2:3]
[0,-95,358] [9:22]
[0,-44,176] [8:4]
[0,-484,0] [2178:101640]
[0,-5324,149072] [26:168]
[0,-44,176] [12:32]
[0,-5324,234256] [0:484]
[0,242,18634] [11:121]
[0,-1936,42592] [33:121]
[0,-76,201] [4:21]
[0,169,1230] [3:42]
[0,-27,18] [2:8]
[0,-5427,153882] [56617:98]
[0,-9,12] [4:4]
[0,-72,240] [4:4]
[0,-81,324] [9:18]
[0,-27,18] [3:6]
[0,-5427,153882] [42:6]
[0,-9,12] [1:2]
[0,-72,240] [16:52]
[0,-62,188] [16:54]
[0,-62,188] [4:2]
[0,-248,1504] [15:43]
[0,-248,1504] [25:89]
[0,-216,1241] [10:49]
[0,-3471,78710] [7:234]
[0,-24,23] [4:3]
[0,81,170] [3:10]
[0,-216,621] [31:154]
[0,-300,1969] [10:63]
[0,-615,2882] [13:54]
[0,-192,1892] [8:54]
[0,-3540,62557] [37:378]
[0,-18975,953066] [278:3906]
[0,-268140,53442961] [568:4743]
[0,-268455,53311102] [26279:4259214]
[0,-532,531] [17:60]
[0,2113,4234] [22:230]
[0,-40,97] [2:13]
[0,-191,510] [10:20]
[0,-2611,51330] [70:330]
[0,-41771,3285946] [782:21030]
[0,-2171,69194] [414:8366]
[0,-637,4116] [875:25872]
[0,-9212,340256] [1167320:34353312]
[0,-4067,96726] [70:196]
[0,1465688,670046384] [3752:240100]
[0,-640283,197199618] [22281:3323670]
[0,-28028,4961152] [802:22100]
[0,-40033,3078768] [281:3744]
[0,-52283,1037918] [329:4410]
[0,-640283,197199618] [14:13720]
[0,-28028,4961152] [126:2548]
[0,392,5488] [28:196]
[0,81,27] [6:27]
[0,-27,55] [1:9]
[0,-3,434] [23:108]
[0,-2514,28105] [52:135]
[0,-35319,2554090] [2135:98280]
[0,9,1] [1:3]
[0,-243,1485] [30:135]
[0,-246,245] [2:27]
[0,969,1946] [1:54]
[0,4,1441] [30:169]
[0,-67,211] [5:1]
[0,-432,4428] [12637:1420579]
[0,-48,164] [4:6]
[0,-11,1094] [15:46]
[0,-1700,16625] [44:79]
[0,-11575,467250] [69:54]
[0,200,9500] [40:250]
[0,77,934] [3:26]
[0,-151,1159] [285:4807]
[0,-2403,45198] [29:10]
[0,-1323,86022] [79:550]
[0,-267,1674] [3:30]
[0,-147,3186] [3:60]
[0,-498,4277] [131:1476]
[0,-543,3458] [18:22]
[0,-3243,68362] [61:198]
[0,1437,22862] [41:324]
[0,-30738,2073287] [59:682]
[0,-36183,1288118] [11701:1265544]
[0,124197,9595802] [71:648]
[0,-498,713] [21:22]
[0,-5943,176042] [101:504]
[0,-95043,11277902] [1586:61866]
[0,-3963,295238] [161:1800]
[0,-342,2349] [27:90]
[0,153,8586] [33:180]
[0,-80382,8694731] [187:450]
[0,-20487,21356534] [73:4500]
[0,-98382,11877401] [-1225340293:1840006510]
[0,-97887,12002834] [36005:6831684]
[0,-1182,15599] [55:342]
[0,-687,28766] [23:180]
[0,-102,101] [35:198]
[0,393,794] [5:36]
[0,-2487,47734] [33:40]
[0,-2667,40426] [13:270]
[0,-14547,641486] [67:180]
[0,6333,254626] [47:810]
[0,-243,1358] [9:10]
[0,237,6062] [39:250]
[0,-2187,36666] [33:270]
[0,2133,163674] [13:440]
[0,117,378] [6:36]
[0,-603,3402] [9:90]
[0,-4203,102438] [33:18]
[0,-8523,302778] [63:126]
[0,717,28658] [14:126]
[0,-10803,399602] [89:810]
[0,-36723,2249422] [121:650]
[0,-169203,26789042] [239:38]
[0,-559443,161051758] [431:72]
[0,71277,12984622] [311:6266]
[0,-408,3107] [23:18]
[0,-903,5902] [4474:299250]
[0,-200667,34598774] [2877:152320]
[0,-203547,33554486] [217:630]
[0,-599547,136646314] [663:5530]
[0,146373,136920854] [437:3240]
[0,-12,259] [5:18]
[0,-687,6874] [30:22]
[0,1968,123469] [97:990]
[0,-28407,1696894] [118:110]
[0,-140592,20306401] [1933:83250]
[0,-12747,559226] [5:704]
[0,42693,2898794] [365:8192]
[0,-251,1066] [15:26]
[0,-1531,22230] [143:1638]
[0,-6744,212807] [46:9]
[0,-9039,55370] [107:450]
[0,-1416,18619] [25:34]
[0,-22071,1262050] [382:6786]
[0,-300,1757] [19:54]
[0,465,9254] [38:286]
[0,-28380,1840187] [37855:520506]
[0,-44580,489049] [64:1755]
[0,176505,3893758] [303:9230]
[0,-767,10626] [47:280]
[0,-67,222] [6:6]
[0,-27,3942] [7:64]
[0,-363,2666] [135:1552]
[0,9,22] [2:2]
[0,33,2] [1:6]
[0,-63,194] [5:2]
[0,81,594] [5:8]
[0,-908,9607] [14:19]
[0,1097,46098] [387:7638]
[0,-1559,23478] [5879:450760]
[0,-379,58170] [734870:56345382]
[0,-22,47] [8:17]
[0,-159,774] [14:16]
[0,177,1334] [1:34]
[0,8,48] [4:12]
[0,-53752,4796688] [96:3012]
[0,29,34] [1:2]
[0,-90,324] [5:1]
[0,-180,432] [6:36]
[0,-4170,103588] [37:7]
[0,-4980,60496] [50:252]
[0,-264,992] [1:27]
[0,-66,124] [4:18]
[0,204,880] [2:36]
[0,-381,26350] [62:434]
[0,-15816,761056] [71:63]
[0,-4170,103588] [11:243]
[0,-4980,60496] [5:189]
[0,-45,54] [22:98]
[0,-360,2592] [12:72]
[0,-1245,7562] [1334:48706]
[0,-16680,828704] [140:648]
[0,-90,324] [0:18]
[0,-180,432] [3:9]
[0,-2280,22048] [23:135]
[0,-964200,335852512] [726572:35203032]
[0,-66,124] [5:9]
[0,204,880] [13:63]
[0,-237,1370] [18:14]
[0,-552,3040] [7:81]
[0,-242,799] [3:10]
[0,-3367,75174] [47:360]
[0,-53867,4812074] [458:8730]
[0,-7,174] [28090:147627]
[0,6853,14186] [7:250]
[0,-8,1] [2:3]
[0,-4913,2088025] [0:1445]
[0,-17,425] [13:49]
[0,-587,3282] [2:46]
[0,-169,840] [57:420]
[0,-284,448] [14:28]
[0,-59,1918] [7070:52962]
[0,-587,3282] [7:22]
[0,-284,448] [114:1204]
[0,-120,500] [5:5]
[0,-1080,13500] [20:10]
[0,-3000,62500] [0:250]
[0,-1575,24750] [10:100]
[0,7425,87750] [15:450]
[0,-225,1125] [4:17]
[0,-4725,124875] [39:9]
[0,2,33] [1:6]
[0,-143,642] [1:28]
[0,-332,2192] [12:8]
[0,-1196,23856] [56:364]
[0,-24236,919856] [406:7616]
[0,-346796,78606640] [1957878664:-744765836]
[0,-236,1392] [8:4]
[0,-332,2192] [14:64]
[0,-346796,78606640] [303404628:-1990041696]
[0,6,9] [0:3]
[0,-84,484] [10:18]
[0,4353,256142] [554:13122]
[0,-372,2788] [14:18]
[0,132,10316] [62:486]
[0,23676,283716700] [718:10170]
[0,-651,9398] [7:72]
[0,-894,10289] [16:9]
[0,54,243] [18:81]
[0,42,2581] [38:243]
[0,-39,394] [7:18]
[0,240,2428] [28:162]
[0,17,22] [1:2]
[0,-5407,153094] [62:500]
[0,-70,225] [4:21]
[0,-95,50] [5:20]
[0,-3907675,-1512805546] [48766:10760286]
[0,-1750,28125] [29:42]
[0,-2375,6250] [9:164]
[0,-27,22] [1:2]
[0,-243,594] [3:36]
[0,-4707,124258] [39:2]
[0,837,92394] [109:1216]
[0,-42363,3354966] [14695:2816]
[0,81,378] [34:206]
[0,9,14] [6:16]
[0,-1971,10638] [17:134]
[0,-51,242] [7:16]
[0,429,4462] [17:88]
[0,-219,394] [3:32]
[0,-4982499,-14225890] [-287021273:538130432]
[0,-7539,251954] [47:38]
[0,-4179,477074] [575:13718]
[0,-8,36] [4:2]
[0,-67,274] [7:20]
[0,13,46] [5:12]
[0,2273,16846] [157:2060]
[0,517,8918] [111:1190]
[0,-70523,7208278] [1650461813:124329282]
[0,-20603,1040298] [67:1456]
[0,-684,6885] [27:90]
[0,-36,27] [7:8]
[0,-167,866] [15:2]
[0,-182272,29963061] [207:1050]
[0,13,30] [2:2]
[0,-14315,4387302] [13763386:378841633]
[0,-256,1648] [17:47]
[0,-18,17] [4:5]
[0,57,122] [1:8]
[0,-288363,62154218] [51407:11654928]
[0,-3,623] [1:25]
[0,-1164378,483603127] [60724:14961375]
[0,-1276923,384496378] [488795:29158848]
[0,-7837923,-441194370] [1454:128340]
[0,33,101] [3:5]
[0,-783,10098] [13:46]
[0,-13203,583902] [69:1080]
[0,-1107,13986] [3435:201312]
[0,-2187,17766] [50:46]
[0,33,1026] [3:30]
[0,-1347,18414] [3:120]
[0,132,3292] [16:54]
[0,13212,76788] [36:774]
[0,-1683,26757] [169:2125]
[0,-100,385] [6:1]
[0,-8393,303889] [117:961]
[0,-1082,13756] [12:50]
[0,-17332,878256] [72:60]
[0,-4333,109782] [2:318]
[0,-4328,110048] [44:464]
[0,142,1068] [3:39]
[0,-1108,11568] [14:156]
[0,-277,1446] [10:18]
[0,568,8544] [20:104]
[0,-277,1446] [2:30]
[0,568,8544] [7:65]
[0,-460,3988] [26:98]
[0,-243,1674] [6:54]
[0,-243,1674] [33:162]
[0,-27,62] [14:48]
[0,-27,62] [1:6]
[0,213,2158] [46:324]
[0,213,2158] [7:18]
[0,118,119] [540:12551]
[0,-487,966] [43:240]
[0,-5987,178066] [98:420]
[0,-4667,121926] [47:80]
[0,-140,752] [11:31]
[0,148,13040] [13:131]
[0,-216,2052] [12:54]
[0,-16,23] [2:1]
[0,-36,36] [2:10]
[0,-8451,299106] [114:468]
[0,-939,11078] [14:26]
[0,-27,1350] [3:36]
[0,-1813,24059] [17:43]
[0,-72791,7559007] [-1986738784:-348333605]
[0,5,1] [0:1]
[0,-223,1282] [9:2]
[0,-648,4347] [411:8316]
[0,-4023,94878] [66:270]
[0,-72,161] [8:15]
[0,-447,3514] [13:10]
[0,-408,3188] [13:9]
[0,33,1654] [10:18]
[0,54033,3612026] [98:1620]
[0,-558327,216960046] [793:12690]
[0,194568,1758004] [27745:934407]
[0,-927,10746] [17:10]
[0,-86227,11315310] [5911:453882]
[0,-1440467,665413230] [7932309:598835406]
[0,-5316979,429308466] [1289:3520]
[0,-10051,388286] [161:1472]
[0,-32,60] [4:2]
[0,-17176,866436] [140:726]
[0,-51,126] [5:2]
[0,69,630] [7:14]
[0,-567,5130] [14:8]
[0,-1107,6210] [29:118]
[0,33,142] [3:4]
[0,-2487,47738] [7305:10084]
[0,69,394] [1:18]
[0,-2835,23598] [41:154]
[0,-435,2702] [9:22]
[0,1005,16814] [17:72]
[0,1365,14758] [13:72]
[0,-31035,2128534] [445:8496]
[0,-103035,12730282] [173:288]
[0,-3603,85714] [57:256]
[0,16557,4369646] [345:6512]
[0,96,1015] [185:2520]
[0,-1119,12922] [34:108]
[0,-579,5438] [71:558]
[0,69,1258] [3:32]
[0,-84,299] [5:2]
[0,276,1559] [41:286]
[0,-1911027,191074894] [53513:12374784]
[0,16,40] [65:525]
[0,-124,432] [14:24]
[0,-2651,49910] [63:182]
[0,-7771,200970] [2079:94710]
[0,-115931,15191946] [173:560]
[0,18469,1266314] [259555:11853534]
[0,-15,42] [7:14]
[0,-135,1134] [10:28]
[0,-24,28] [4:2]
[0,-355,1806] [10:66]
[0,-5195,144102] [78:462]
[0,-11167,454226] [193:2140]
[0,-54,5833] [16:51]
[0,-5199,142690] [35:60]
[0,-804,8836] [22:126]
[0,1068,458012] [398:7938]
[0,-486,157491] [82:595]
[0,-46791,3852630] [131:170]
[0,6108,4288268] [617:15309]
[0,-359,2618] [14:70]
[0,-379,2310] [1770:8694]
[0,781,13678] [4860590:160589898]
[0,-80,716] [13:21]
[0,100,500] [10:50]
[0,-81875,9118750] [171:344]
[0,-240,1431] [18:9]
[0,-255,1242] [9:18]
[0,123,497] [16:81]
[0,-93,421] [7:27]
[0,-9,81] [3:9]
[0,-824,9104] [1:91]
[0,4165,29498] [37:484]
[0,-17395,240786] [135:594]
[0,-1519,10290] [9705:72864]
[0,-12299,517930] [42:980]
[0,5341,77518] [289:5060]
[0,-196,1372] [7:49]
[0,-4459,91238] [49:98]
[0,432,2592] [1:55]
[0,-18,58] [9:25]
[0,-288,1888] [41:235]
[0,672,9952] [49:375]
[0,12,88] [29:157]
[0,-1188,15768] [498203:792379]
[0,-108,592] [38:224]
[0,852,7472] [22:192]
[0,-6588,214488] [61:199]
[0,-12,56] [5:11]
[0,-162,1566] [3:45]
[0,-132,584] [5:7]
[0,108,2376] [3:45]
[0,-492,6576] [22:80]
[0,468,51664] [5470:28672]
[0,-91692,10688976] [438:5760]
[0,-12,34] [3:5]
[0,-732,7944] [37:125]
[0,-12,56] [5:3]
[0,108,2376] [13:35]
[0,-492,6576] [58:400]
[0,-91692,10688976] [202:640]
[0,-12,304] [10:24]
[0,-57942,5369274] [133:125]
[0,-12,34] [7:15]
[0,-732,7944] [13:25]
[0,-108,1512] [11:37]
[0,432,2592] [9:45]
[0,-288,1888] [9:5]
[0,672,9952] [201:2875]
[0,-108,8208] [22:8]
[0,12,88] [3:5]
[0,-1188,15768] [21:9]
[0,-108,592] [6:32]
[0,852,7472] [42:320]
[0,-6438,198862] [39:625]
[0,-6588,214488] [1053:34065]
[0,-43,110] [30:160]
[0,-183,1006] [11:18]
[0,24,1676] [29:153]
[0,-89,317] [4:5]
[0,-11979,322102] [26:168]
[0,-891,6534] [6:108]
[0,-12771,555390] [82:244]
[0,-79860,9897316] [242:2178]
[0,2013,12782] [31:324]
[0,726,206305] [28:405]
[0,-48279,3979690] [335:5040]
[0,-113619,9101378] [154:2178]
[0,-767019,258557398] [231:9680]
[0,-13431,577654] [65:144]
[0,-35211,1770230] [298:4212]
[0,-514371,141972446] [1606:58806]
[0,-4356,143748] [22:242]
[0,-99,594] [15:36]
[0,-16335,646866] [143:242]
[0,-81675,8409258] [197:188]
[0,132,484] [0:22]
[0,-91839,9340958] [219:518]
[0,-66,605] [2:27]
[0,-1551,23474] [11:198]
[0,-43,38] [6:2]
[0,-1,9] [1:3]
[0,-863,9782] [22:38]
[0,-32,119] [12:35]
[0,-607,5754] [35:126]
[0,-167,4574] [17:50]
[0,-8,20] [10:30]
[0,7,29] [4:11]
[0,-140,272] [3:11]
[0,500,2064] [125:1419]
[0,52,144] [8:28]
[0,-182156,29923568] [232:388]
[0,52,144] [2:16]
[0,141,466] [3:4]
[0,14757,167546] [5:306]
[0,-3,974] [11:18]
[0,-177879,28874230] [348090:3022123]
[0,-188859,25108090] [17:4680]
[0,-174,875] [43:270]
[0,-39,2198] [11:36]
[0,546,547] [1495:11718]
[0,-2199,4390] [77:540]
[0,-123,554] [11:24]
[0,-60,189] [309:5430]
[0,-975,11718] [309610:5418959]
[0,-540,5103] [81:702]
[0,4509,98658] [18:108]
[0,501,3654] [37:256]
[0,-1021827,397678718] [1434890:33021513]
[0,357,74] [7:54]
[0,-156,655] [17:54]
[0,-291,2018] [7:18]
[0,-194,1041] [16:7]
[0,-2300,28000] [45:125]
[0,325,36750] [1433190:16651125]
[0,200,14000] [24:68]
[0,-115,650] [25:110]
[0,-925,10500] [64:462]
[0,-2300,28000] [20:100]
[0,325,36750] [19:154]
[0,-2875,81250] [50:250]
[0,-31,1498] [2:38]
[0,-6468,164983] [56:147]
[0,-98343,11869858] [181:22]
[0,-153468,23124717] [211:370]
[0,-168,833] [4:15]
[0,-63,1862] [7:42]
[0,-588,3087] [14:49]
[0,-4263,104958] [63:294]
[0,-74088,7714413] [1519:58310]
[0,8232,2141692] [784:22050]
[0,168,196] [0:14]
[0,168,6244] [8:90]
[0,-249312,47912641] [140:3969]
[0,-238287,52342486] [155:4374]
[0,-13692,531601] [28:945]
[0,-210567,37189726] [287:630]
[0,-2352,16121] [28:245]
[0,8673,124166] [35:686]
[0,-2352,215404] [77:245]
[0,-355152,81465244] [1085:28469]
[0,-275772,54236189] [163:3690]
[0,-107,106] [2:10]
[0,413,834] [102:1050]
[0,-367,2706] [10:6]
[0,-347,3014] [5:68]
[0,949,4870] [7:46]
[0,-4171,40710] [519:11730]
[0,-35531,2549626] [171:1904]
[0,-1571,29986] [15:224]
[0,-26851,1693410] [87:126]
[0,-9043,330990] [745:20160]
[0,-9203,318670] [65:70]
[0,-2131,44270] [153:1792]
[0,54,81] [0:9]
[0,-8316,291924] [90:522]
[0,-15,34] [3:4]
[0,-99603,12110094] [150:738]
[0,-14367,662830] [227:2788]
[0,108,540] [6:18]
[0,6,3] [1:2]
[0,9,62] [2:6]
[0,81,1674] [15:54]
[0,-313119,67414410] [7486534:82479475]
[0,-1836,51569] [40:247]
[0,-34791,2496830] [103:78]
[0,1023,5645] [4:99]
[0,-165,1753] [32:171]
[0,-17265,873169] [55:1287]
[0,-165,2351] [56:405]
[0,1455,56617] [16:171]
[0,-35616,2725868] [73105:1660581]
[0,197664,3787292] [452:13338]
[0,-32,72] [2:4]
[0,52,16] [4:16]
[0,-32,72] [18:72]
[0,52,16] [0:4]
[0,-3700,86625] [10:225]
[0,-3575,92750] [19:178]
[0,-123,526] [34:186]
[0,-18147,970378] [277:3906]
[0,69,178] [2:18]
[0,-123,526] [5:6]
[0,-18147,970378] [134:972]
[0,69,178] [13:54]
[0,-55,102] [7:12]
[0,2,72] [4:12]
[0,-248,1472] [1:35]
[0,-62,184] [5:1]
[0,8,576] [9:15]
[0,2,72] [36:216]
[0,-248,1472] [24:80]
[0,-62,184] [3:5]
[0,8,576] [0:24]
[0,-81,135] [3:9]
[0,-21,25] [0:5]
[0,-668,7636] [246:3838]
[0,-16,44] [5:1]
[0,-1715,21266] [630:15778]
[0,-2695,53851] [35:49]
[0,-412531,103471781] [2429:115003]
[0,-188,973] [9:44]
[0,17,2982] [66:540]
[0,-58535,5450942] [139:14]
[0,-1247,18842] [198:2738]
[0,-7,3] [2:3]
[0,-1815,33746] [683:17814]
[0,-39,578] [11:18]
[0,-9111,335086] [11:486]
[0,-264,1924] [19:9]
[0,-29003,1706502] [1799:75950]
[0,-1710923,861360122] [923:40672]
[0,37,118] [7:22]
[0,-1112,6788] [32:98]
[0,-17815,914546] [77:26]
[0,-747,8118] [51:294]
[0,-6723,219186] [43:98]
[0,317277,15813954] [2677:141596]
[0,-1539,25758] [46:28]
[0,81,243] [76:667]
[0,9,9] [0:3]
[0,-171,954] [105:1068]
[0,-27,5238] [31:154]
[0,-32427,2247642] [111:126]
[0,-3603,83246] [159:1834]
[0,-3,194] [1:14]
[0,-129,607] [6:7]
[0,141,2098] [9:64]
[0,-1161,16389] [66:441]
[0,-171,1062] [37:208]
[0,1269,9018] [3:72]
[0,37,137] [3:1]
[0,5948,1635996] [358:6810]
[0,-15287,727499] [139:1135]
[0,-14600,680500] [21:619]
[0,-39243125,159216363] [145381:55379779]
[0,-160,380] [4:14]
[0,-59,182] [9:4]
[0,-5877,173413] [44:3]
[0,-9,19] [4:3]
[0,-81,513] [3:27]
[0,-14457,1042967] [149:333]
[0,-3477,206233] [8:423]
[0,-36,405] [3:18]
[0,-1071,13446] [26:154]
[0,-1488,9205] [1235:43380]
[0,-1497,26417] [97:891]
[0,-93,551] [32:171]
[0,-6390759,853955602] [8974:815166]
[0,51,29] [1:9]
[0,-7957497,50125323] [6924:517891]
[0,-1519,22770] [27:210]
[0,-1859,11822] [3545:25536]
[0,-95,286] [7:6]
[0,-1435,20922] [46:102]
[0,-852,9572] [16:6]
[0,-126,559] [16:39]
[0,-2031,35230] [143:1612]
[0,21,122] [14:54]
[0,-12027,507638] [58:72]
[0,-732,7612] [16:2]
[0,-228,524] [12:22]
[0,116,496] [3:11]
[0,62,106] [1:13]
[0,-196,960] [3:39]
[0,-716,6320] [11:15]
[0,244,4656] [24:156]
[0,53,214] [3:20]
[0,-2507,48337] [58:37]
[0,-11,54] [1:8]
[0,-580,244] [20:62]
[0,-48,1028] [11:15]
[0,-56808,5251068] [316:2890]
[0,48,1396] [3:35]
[0,-8112,281284] [52:750]
[0,-19,26] [3:2]
[0,121,1694] [55:418]
[0,-200,1500] [10:50]
[0,125,3970] [9:46]
[0,-35,30] [1:2]
[0,-4075,116250] [25:450]
[0,-68075,6836250] [149:32]
[0,-25,125] [10:25]
[0,-875,3750] [25:50]
[0,-7,98] [7:14]
[0,-152,721] [6:5]
[0,-127,966] [11:30]
[0,-235,1254] [87:798]
[0,-875,8602] [27:112]
[0,-1445,19652] [32:182]
[0,-17,0] [4:2]
[0,68,0] [2:12]
[0,-45,81] [0:9]
[0,-18408,961369] [122:729]
[0,-369,2727] [11:1]
[0,24,137] [2:9]
[0,8,36] [0:6]
[0,-1516432,718757956] [712:50]
[0,-968,11592] [14:28]
[0,-988,11088] [13:21]
[0,1012,50288] [26:80]
[0,-4492,113424] [43:15]
[0,628,357136] [158:1920]
[0,-172,816] [5:9]
[0,148,3504] [10:32]
[0,-128,248] [1:11]
[0,452,1872] [117:1287]
[0,-32,56] [1:5]
[0,68,336] [21:105]
[0,60,484] [18:86]
[0,-147,690] [22:82]
[0,-1323,18630] [10:80]
[0,-395,7366] [58:406]
[0,-25,49] [0:7]
[0,-4080,91177] [8:243]
[0,-63615,6175654] [35:1998]
[0,-129072,41162812] [1813:75393]
[0,-552,1825] [18:77]
[0,-7167,233350] [61:666]
[0,-15420,719147] [443:8910]
[0,-245055,46692074] [596090:4363227]
[0,-161220,24652969] [263:666]
[0,-300135,24161762] [354:6142]
[0,-1020,12521] [22:27]
[0,-1335,4142] [1:74]
[0,-696,11468] [4105:4131]
[0,5784,197188] [152:2142]
[0,-9012,329285] [67:162]
[0,-9327,305030] [38:74]
[0,32,116] [22:106]
[0,-303,117198] [39:264]
[0,-37803,2794698] [99:150]
[0,-108,972] [9:27]
[0,-27,154] [3:10]
[0,-627,6034] [25:78]
[0,1668,680756] [113:975]
[0,-183,938] [18:40]
[0,-3,2702] [27:130]
[0,-83658,10080007] [131:1170]
[0,-1368903,616458598] [298:31590]
[0,-1399323,587626522] [233:16560]
[0,-21902403,798814834] [3602:85410]
[0,-4811043,-903845954] [113030:1853478]
[0,-3,1298] [1:36]
[0,-1803,29018] [17:234]
[0,-315903,68338402] [18446:2504086]
[0,-5054403,78772206] [2809:59940]
[0,-301323,74931478] [659:3562]
[0,-183,3382] [6:50]
[0,-4683,123082] [11:270]
[0,-6483,19762] [43:468]
[0,-74883,7887202] [159:22]
[0,-3108,66692] [161:1899]
[0,-43887,3538766] [122:20]
[0,-44067,3508274] [47:2340]
[0,-89067,4870726] [97:1690]
[0,-1947,9935786] [143:2700]
[0,-207,1134] [10:8]
[0,-387,1134] [15:36]
[0,-5067,138726] [41:10]
[0,1413,8694] [15:126]
[0,12,63] [9:30]
[0,-183,882] [6:42]
[0,192,1328] [1:39]
[0,-6048,181872] [33:135]
[0,1557,18458] [1:130]
[0,-8043,166298] [17:546]
[0,-35883,2645082] [31:1250]
[0,-575883,168209082] [463:910]
[0,48,796] [2:30]
[0,268893,31827806] [143:3090]
[0,-1267107,274823006] [10383:1051630]
[0,-387,3266] [7:30]
[0,-6387,196466] [7:390]
[0,-948,11203] [29:90]
[0,-543,20842] [18:130]
[0,-7563,266438] [351:6350]
[0,-122763,16555718] [773:18720]
[0,-27408,1793392] [89:243]
[0,168,236] [10:54]
[0,-1992,39076] [118:1170]
[0,-867,63074] [17:270]
[0,-29667,1958114] [55:702]
[0,7773,1666654] [127:1170]
[0,-172227,26110654] [233:1170]
[0,352,53972] [37:343]
[0,16,28] [4:10]
[0,-108,351] [8:1]
[0,-12,13] [3:2]
[0,-288,1881] [10:1]
[0,-2376,44577] [28:1]
[0,-84,121] [0:11]
[0,5,5] [1:1]
[0,-116,492] [7:31]
[0,-14971,706474] [81:1178]
[0,-579,4066] [14:36]
[0,-1155,15086] [5:144]
[0,-795,24662] [2:162]
[0,69,794] [11:36]
[0,-827,9154] [18:10]
[0,112,471] [12:51]
[0,-257,1569] [7:55]
[0,-306487,65860466] [663:4730]
[0,17,26] [2:4]
[0,-155,438] [47:310]
[0,485,3126] [5555:40734]
[0,-444,3648] [61:443]
[0,189,2038] [3:38]
[0,-12,160] [26:132]
[0,-444,3648] [4:44]
[0,1701,55026] [37:242]
[0,-108,4320] [85:775]
[0,-12,160] [8:16]
[0,-3996,98496] [100:836]
[0,-1867,35674] [47:140]
[0,-1627,27354] [3:150]
[0,-26627,1672354] [93:20]
[0,-2323,192978] [46:450]
[0,-66323,6554578] [201:3430]
[0,52,400] [0:20]
[0,-648,6588] [48:270]
[0,-72,244] [5:3]
[0,-48,26372] [4:162]
[0,-25,36] [5:6]
[0,-140,608] [6:4]
[0,-1,24] [4:6]
[0,-131,570] [7:2]
[0,-1,24] [5:12]
[0,-411,2714] [9:16]
[0,-6291,192050] [182:2166]
[0,-75,54] [2:14]
[0,-915,10638] [22:34]
[0,-2526,48865] [33:38]
[0,-2511,49474] [1:228]
[0,-390,2959] [25:54]
[0,-255,5038] [43:252]
[0,-1371,18394] [25:16]
[0,1149,78370] [38:142]
[0,-956703,361822610] [295:10260]
[0,-759,2378] [1:56]
[0,-9579,360470] [17:720]
[0,-7059,554510] [10:790]
[0,-59967,5635170] [37:1862]
[0,-33507,10636110] [91:2888]
[0,30,117] [2:7]
[0,-255,1314] [15:42]
[0,-7251,235426] [46:28]
[0,-13131,200870] [122:644]
[0,-255,1118] [7:18]
[0,-1515,21814] [35:108]
[0,-426,3341] [14:81]
[0,-831,4030] [23:54]
[0,-11091,449314] [61:16]
[0,2949,30490] [19:180]
[0,-215535,30330862] [359:882]
[0,-3240795,-2049541062] [1045:196]
[0,-390,3197] [2:63]
[0,-6375,195914] [43:36]
[0,-211,1170] [7:48]
[0,-371,846] [9:42]
[0,-5,44] [5:12]
[0,-220,1248] [6:12]
[0,-104,432] [4:28]
[0,-122,11] [2:15]
[0,-1327,18546] [3:150]
[0,189,1458] [27:162]
[0,21,54] [3:6]
[0,-579,5330] [5:90]
[0,-219,11882] [1:108]
[0,-51,50] [7:8]
[0,189,386] [1:14]
[0,-387,2942] [23:18]
[0,-3483,79434] [39:54]
[0,-12360,530516] [138:626]
[0,-147,3602] [7:54]
[0,-20811,1217018] [113:1458]
[0,115269,1734122] [103:3834]
[0,-1476651,756627622] [197887:88027362]
[0,-111,538] [2:18]
[0,-5331,149650] [34:540]
[0,-3891,232306] [79:216]
[0,24,164] [5:9]
[0,20,1712] [16:52]
[0,-610687,183031134] [718:10710]
[0,-913187,17284366] [407:16940]
[0,-317867,358898826] [253:20570]
[0,-847,7986] [158:1950]
[0,-12947,567006] [209:2420]
[0,1573,45254] [27:130]
[0,-8107,300806] [143:1210]
[0,-59,166] [3:4]
[0,8,100] [3:7]
[0,-18,33] [4:5]
[0,-8163,229038] [31:76]
[0,162,1863] [36:225]
[0,-243,162] [9:36]
[0,-108,468] [6:30]
[0,-162,891] [18:45]
[0,-73467,6184026] [117:900]
[0,18,69] [2:5]
[0,-27,6] [5:4]
[0,-567,5274] [2343:87090]
[0,-215,1214] [10:8]
[0,1,38] [1:6]
[0,-96,356] [4:26]
[0,-104280,12025372] [508:8130]
[0,-938520,324685044] [373:5149]
[0,-84,21953] [26:81]
[0,-12279,517070] [55:90]
[0,-111,1834] [19:54]
[0,-2352,43900] [28:2]
[0,-73,228] [3:6]
[0,52,928] [6:20]
[0,13,6] [5:14]
[0,4,9] [1:2]
[0,-12,18] [3:3]
[0,48,32] [1:9]
[0,-1824,29984] [25:3]
[0,-864,61344] [39:189]
[0,-156,304] [11:9]
[0,564,2320] [8:52]
[0,-300,1456] [18:32]
[0,-1740,26768] [27:23]
[0,-432300,82711856] [668:8568]
[0,1042260,524490032] [1238:60928]
[0,-1740,27632] [4:144]
[0,-300,71984] [10:272]
[0,-16500,815776] [72:32]
[0,-16140,853072] [46:1224]
[0,-180,864] [12:36]
[0,180,3888] [6:72]
[0,-16500,815776] [410:7832]
[0,-16140,853072] [182:1496]
[0,-180,864] [8:8]
[0,180,3888] [18:72]
[0,-1740,17296] [35:27]
[0,-24780,1501072] [5416:398412]
[0,-59340,5562992] [14:2176]
[0,-65100,4417904] [5:2023]
[0,-58368,5435296] [247:2187]
[0,18384,373408] [377:7803]
[0,24,218] [7:27]
[0,-2136,38018] [7:153]
[0,6,74] [5:9]
[0,6,74] [1:9]
[0,-1452,13520] [28:72]
[0,4308,94160] [54:544]
[0,-108,486] [9:27]
[0,432,864] [57:459]
[0,-96,2272] [7:51]
[0,-16416,809568] [57:243]
[0,-192,1568] [17:9]
[0,-318,2194] [5:27]
[0,-318,2194] [73:603]
[0,-3684,85120] [1420:53460]
[0,-58764,5482960] [178520:6642108]
[0,-6924,87248] [86:216]
[0,-39,3472] [84:770]
[0,-3684,85120] [43:405]
[0,-6924,87248] [51:365]
[0,-58764,5482960] [122:360]
[0,-804,8768] [146:1728]
[0,-39,200] [8:20]
[0,-804,8768] [14:16]
[0,-1884,31408] [46:144]
[0,-2604,5200] [48:140]
[0,-27084,1708400] [166105:6006231]
[0,10356,41488] [146:2160]
[0,-19596,979216] [64:1404]
[0,-15980556,-1181082640] [-977040640:1491785532]
[0,-946956,425848304] [154330:2117664]
[0,-156,304] [6:32]
[0,564,2320] [12:104]
[0,-396,1296] [14:64]
[0,-3276,71280] [32:28]
[0,-52236,4595184] [309:2961]
[0,-396,192240] [256:4060]
[0,-624,12256] [17:81]
[0,-77,2637] [17:79]
[0,-8575,300125] [49:49]
[0,1225,25725] [35:245]
[0,30625,3215625] [329:6517]
[0,-2450,42875] [26:57]
[0,-8575,257250] [55:750]
[0,-131075,18264750] [435:6600]
[0,15925,1457750] [371:7644]
[0,245,3430] [14:98]
[0,-504700,142173500] [1680:61250]
[0,-5,8] [1:2]
[0,-5,8] [3:2]
[0,-129,569] [43:273]
[0,-49167,4196502] [127:26]
[0,-5463,155426] [222:3094]
[0,-2133,107109] [5:343]
[0,-192,348] [8:26]
[0,-83,286] [5:24]
[0,-14,19] [2:1]
[0,-47,118] [3:2]
[0,-4108,101343] [132:1287]
[0,-4103,101602] [103:754]
[0,-1647,25758] [207:2916]
[0,-54,351] [12:27]
[0,21,86] [2:6]
[0,33,1262] [23:108]
[0,2517,104726] [95:1096]
[0,-67494,6753031] [892:25353]
[0,-183,954] [9:6]
[0,-6,13] [2:3]
[0,42,11] [2:9]
[0,-399,3058] [9:14]
[0,-219,5830] [27:140]
[0,5,38] [3:2]
[0,-6480,211140] [24:594]
[0,-3375,43750] [6:154]
[0,-60,175] [4:1]
[0,-135,350] [5:30]
[0,-18000,977500] [700:18150]
[0,-1200,875] [1:18]
[0,-13575,607250] [4430:294750]
[0,-300,32375] [80:675]
[0,-17175,859250] [81:22]
[0,600,3125] [55:450]
[0,-2775,26750] [34:286]
[0,49200,15433625] [190:5625]
[0,-710175,212111750] [961:2662]
[0,-56249175,-832566498] [8386:210562]
[0,105,430] [1:18]
[0,60000,3557500] [256:5346]
[0,-1239375,531076250] [3974:239382]
[0,-564375,1104691250] [1391:28314]
[0,-4500,84375] [50:125]
[0,-66375,6581250] [149:26]
[0,-180,675] [5:10]
[0,-2655,52650] [150:1710]
[0,-2775,62350] [95:810]
[0,5,54] [7:18]
[0,-4435,113682] [39:6]
[0,-233,13189] [4:111]
[0,-184,908] [21:67]
[0,-4208,105032] [22:152]
[0,-43,108] [76:660]
[0,-68,32] [8:8]
[0,-1292,19824] [8:100]
[0,-21292,1195824] [53:465]
[0,-4828,72048] [94:552]
[0,32,32] [1:1]
[0,-1292,19824] [92:800]
[0,-21292,1195824] [172:480]
[0,28,64] [0:8]
[0,-172,624] [20:72]
[0,-123,586] [15:46]
[0,21,10] [3:10]
[0,-54,81] [5:8]
[0,-243,1026] [15:36]
[0,-1107,15822] [93:828]
[0,-10287,293598] [51:828]
[0,-27,38] [3:4]
[0,-162,783] [3:18]
[0,-219,1258] [9:4]
[0,-36,124] [9:23]
[0,189,270] [3:18]
[0,-39,74] [3:4]
[0,-3939,95154] [37:8]
[0,-13434,596469] [65:46]
[0,-219,1226] [11:48]
[0,1077,9606] [325:5888]
[0,-123,426] [13:32]
[0,-1971,33102] [23:8]
[0,-1404,18171] [13:46]
[0,-12,7] [3:4]
[0,9693,259362] [9:414]
[0,-1803,326] [165:2048]
[0,189,2754] [9:72]
[0,-531,3118] [7:16]
[0,-17091,859842] [33:576]
[0,528,4300] [102:1058]
[0,-1899,31846] [25:2]
[0,-4779,84186] [75:144]
[0,197,8986] [115:1246]
[0,29,82] [3:14]
[0,-39,1042] [14:34]
[0,-23,18] [1:2]
